0.000000000 0.000000000
0.000000000 0.000000000
0.000000000 0.000000000
0.000000000 0.000000000
0.000000000 0.000000000
0.000000000 0.000000000
0.000000000 0.000000000
0.000000000 0.000000000
0.000000000 0.000000000
0.000000000 0.000000000
0.000000000 0.000000000
0.000000000 0.000000000
0.000000000 0.000000000
0.000000000 0.000000000
0.000000000 0.000000000
0.000000000 0.000000000
0.000000000 0.000000000
0.000000000 0.000000000
0.000000000 0.000000000
0.000000000 0.000000000
0.000000000 0.000000000
0.000000000 0.000000000
0.000000000 0.000000000
0.000000000 0.000000000
0.000000000 0.000000000
0.000000000 0.000000000
0.000000000 0.000000000
0.000000000 0.000000000
0.000000000 0.000000000
0.000000000 0.000000000
0.000000000 0.000000000
0.000000000 0.000000000
0.000000000 0.000000000
0.000000000 0.000000000
0.000000000 0.000000000
0.000000000 0.000000000
0.000000000 0.000000000
0.000000000 0.000000000
0.000000000 0.000000000
0.000000000 0.000000000
0.000000000 0.000000000
0.000000000 0.000000000
0.000000000 0.000000000
0.000000000 0.000000000
0.000000000 0.000000000
0.000000000 0.000000000
0.000000000 0.000000000
0.000000000 0.000000000
0.000000000 0.000000000
0.000000000 0.000000000
0.000000000 0.000000000
0.000000000 0.000000000
0.000000000 0.000000000
0.000000000 0.000000000
0.000000000 0.000000000
0.000000000 0.000000000
0.000000000 0.000000000
0.000000000 0.000000000
0.000000000 0.000000000
0.000000000 0.000000000
0.000000000 0.000000000
0.000000000 0.000000000
0.000000000 0.000000000
0.000000000 0.000000000
0.000000000 0.000000000
0.000000000 0.000000000
0.000000000 0.000000000
0.000000000 0.000000000
0.000000000 0.000000000
0.000000000 0.000000000
0.000000000 0.000000000
0.000000000 0.000000000
0.000000000 0.000000000
0.000000000 0.000000000
0.000000000 0.000000000
0.000000000 0.000000000
0.000000000 0.000000000
0.000000000 0.000000000
0.000000000 0.000000000
0.000000000 0.000000000
0.000000000 0.000000000
0.000000000 0.000000000
0.000000000 0.000000000
0.000000000 0.000000000
0.000000000 0.000000000
0.000000000 0.000000000
0.000000000 0.000000000
0.000000000 0.000000000
0.000000000 0.000000000
0.000000000 0.000000000
-0.000261990 0.000149862
-0.000570326 0.000289058
-0.000776725 0.000409710
-0.000897103 0.000533494
-0.000985736 0.000605315
-0.001063928 0.000662619
-0.001044780 0.000652760
-0.001070003 0.000650589
-0.001101984 0.000609835
-0.001105208 0.000618571
-0.001109851 0.000649885
-0.001126607 0.000683395
-0.001156381 0.000726330
-0.001155465 0.000742364
-0.001150609 0.000743909
-0.001162026 0.000721741
-0.001161224 0.000667234
-0.001165489 0.000616784
-0.001185222 0.000597996
-0.001190706 0.000597166
-0.001199666 0.000590538
-0.001162129 0.000594326
-0.001126880 0.000579629
-0.001141234 0.000552879
-0.001161367 0.000518331
-0.001179825 0.000481493
-0.001182661 0.000473929
-0.001187752 0.000484446
-0.001215187 0.000481624
-0.001175696 0.000485194
-0.001206017 0.000479611
-0.001149588 0.000448813
-0.001143886 0.000416022
-0.001128077 0.000416919
-0.001168854 0.000449282
-0.001166252 0.000505258
-0.001188508 0.000542843
-0.001191824 0.000556867
-0.001198884 0.000538022
-0.001150019 0.000511881
-0.001093731 0.000492360
-0.001044309 0.000451857
-0.001013386 0.000497918
-0.000962073 0.000539525
-0.000945231 0.000571581
-0.000936568 0.000596810
-0.000898500 0.000606514
-0.000835129 0.000606850
-0.000791978 0.000612524
-0.000740566 0.000610310
-0.000700574 0.000605784
-0.000700201 0.000606757
-0.000681131 0.000625835
-0.000625238 0.000637004
-0.000594202 0.000634040
-0.000530012 0.000611400
-0.000522909 0.000597860
-0.000559783 0.000593153
-0.000539225 0.000616770
-0.000497256 0.000637802
-0.000535686 0.000650802
-0.000608926 0.000662249
-0.000604339 0.000659309
-0.000541041 0.000644039
-0.000454510 0.000650845
0.000064292 0.000622687
0.010771344 -0.001005017
0.047646068 -0.001828796
0.095293815 -0.003576353
0.136942849 -0.006025926
0.164855641 -0.008365810
0.180894293 -0.009859835
0.201556339 -0.011843986
0.244821638 -0.014200777
0.270648820 -0.015105443
0.296755472 -0.016160691
0.356812095 -0.019034647
0.378057725 -0.020003542
0.408123961 -0.021551590
0.456000961 -0.023931493
0.482794390 -0.025279767
0.509838612 -0.026686372
0.572140049 -0.030228492
0.596459732 -0.031611195
0.650088021 -0.034370419
0.691228747 -0.036765274
0.717612757 -0.038238268
0.743310856 -0.039674006
0.793261885 -0.042378189
0.834143121 -0.044690227
0.862046028 -0.046181805
0.926218286 -0.049701275
0.950933930 -0.051635621
0.976729839 -0.053889894
1.030432149 -0.058249201
1.071875148 -0.061333097
1.101034083 -0.063174496
1.177620318 -0.068552283
1.207697493 -0.070568943
1.237210466 -0.072307458
1.296877752 -0.074323015
1.343083071 -0.073759576
1.388489051 -0.071894418
1.434127193 -0.068016279
1.480383385 -0.062637616
1.541997086 -0.052756662
1.572511014 -0.046870386
1.603181009 -0.040584156
1.677333079 -0.010981155
1.705940391 0.004354671
1.747017986 0.029590405
1.798851879 0.069838079
1.824633274 0.090877124
1.849114427 0.112603884
1.903944031 0.172087606
1.923819107 0.197096056
1.943085645 0.222626503
1.976601729 0.272721485
1.999486106 0.313459955
2.014891523 0.343579240
2.044796455 0.414852075
2.054545177 0.444230463
2.064200740 0.476400616
2.079122054 0.542354750
2.086230201 0.592818680
2.089662546 0.628157434
2.091745954 0.717103228
2.090205503 0.753920604
2.087710503 0.789821978
2.080541293 0.860408392
2.074109086 0.915124395
2.070745667 0.951813963
2.067671901 1.038035199
2.068206873 1.072672627
2.069210987 1.107234766
2.071825424 1.174328813
2.073912457 1.224139409
2.075709457 1.257930945
2.079471841 1.340844447
2.081129227 1.373540015
2.082713491 1.406650270
2.086260734 1.492612374
2.087625082 1.529129418
2.089151396 1.565549262
2.091644044 1.636649778
2.093380927 1.688851768
2.094535149 1.724231089
2.097216993 1.814165796
2.098186093 1.849715076
2.099105366 1.885483000
2.100718098 1.956488218
2.102051918 2.009809474
2.102937962 2.045517784
2.104422517 2.135079308
2.104753055 2.170905525
2.105004612 2.206709060
2.105328467 2.278431852
2.105110178 2.331807276
2.105163891 2.367212403
2.104944545 2.456344753
2.104588724 2.492280169
2.104040530 2.528004371
2.102943762 2.599098421
2.101821844 2.652267920
2.101260873 2.687730887
2.099624488 2.776498670
2.098749727 2.812207950
2.097788271 2.847664963
2.095545317 2.917315783
2.093440213 2.970162000
2.092177546 3.005416844
2.089112578 3.093878680
2.087815715 3.129629213
2.086351552 3.165377367
2.081208644 3.236593806
2.073431020 3.290020228
2.067423694 3.325336597
2.049633128 3.413034351
2.040893476 3.448287000
2.028443435 3.481513759
1.995124987 3.544767611
1.963335107 3.590280621
1.925811353 3.633355827
1.884075984 3.674416325
1.840551686 3.711257030
1.798725886 3.745391936
1.741400632 3.782816489
1.710436474 3.800616057
1.661770544 3.824720919
1.613613076 3.843442412
1.564170917 3.858085855
1.512074849 3.870122232
1.442093811 3.881258218
1.407474553 3.885657116
1.355731239 3.889278993
1.299975222 3.890574535
1.240928487 3.889514514
1.170264914 3.882455099
1.127729129 3.878707164
1.051198080 3.867146882
0.999543524 3.856481897
0.962949206 3.849833216
0.927693898 3.844825166
0.858002638 3.837793360
0.807451282 3.834403090
0.773305167 3.832366048
0.687613670 3.824932827
0.653275486 3.820793588
0.618985349 3.815363499
0.551202086 3.802908251
0.500607812 3.792791842
0.467203610 3.785252010
0.383968077 3.765596380
0.350233643 3.758660825
0.299662034 3.748193027
0.248897749 3.738007093
0.196898728 3.728522932
0.143253559 3.718514414
0.090250921 3.708307487
0.035735146 3.697797870
-0.035681643 3.683543583
-0.071169392 3.676487344
-0.106791171 3.669698836
-0.196228980 3.651633243
-0.231273849 3.643964581
-0.284180310 3.632644038
-0.355725328 3.617579741
-0.391202917 3.610275716
-0.426862486 3.603269719
-0.515437089 3.585417539
-0.550619132 3.577965148
-0.605026040 3.567962495
-0.677414291 3.561804969
-0.713172441 3.561490231
-0.749027717 3.563504327
-0.836804205 3.579593122
-0.873492972 3.589387631
-0.926379064 3.607374270
-0.995700577 3.639616281
-1.028866842 3.658458958
-1.092016783 3.700764778
-1.137934999 3.736316189
-1.166769584 3.761102492
-1.193916982 3.786871701
-1.245948935 3.841812261
-1.282487353 3.886527095
-1.304813428 3.917516804
-1.355719840 3.997463386
-1.373807597 4.030920232
-1.390344392 4.065774733
-1.419963806 4.136004776
-1.436590026 4.187681365
-1.446560276 4.224438630
-1.464058713 4.316552974
-1.468037111 4.352707605
-1.470259092 4.389742918
-1.474789832 4.425869839
-1.465929769 4.520454680
-1.461920299 4.557864234
-1.459674983 4.632824231
-1.462212553 4.687474445
-1.465152613 4.723788656
-1.472677622 4.811234523
-1.476123563 4.846969214
-1.479908939 4.882890896
-1.487799622 4.953739530
-1.493590440 5.007570298
-1.497323742 5.043606176
-1.499988733 5.133308762
-1.500601133 5.170192931
-1.501873424 5.207022562
-1.505537756 5.278052546
-1.508481206 5.331987889
-1.510607314 5.368213559
-1.515928215 5.457564030
-1.517730992 5.493941622
-1.519528346 5.530339845
-1.523756874 5.602822984
-1.526714654 5.657033942
-1.528490706 5.693588870
-1.531147388 5.765936127
-1.531232563 5.820323019
-1.530733368 5.857295324
-1.528809679 5.948060800
-1.527808095 5.984187605
-1.526536699 6.020432993
-1.523847369 6.091036600
-1.521426240 6.144009438
-1.520092330 6.180188794
-1.517712593 6.252901763
-1.516207587 6.307386517
-1.514977051 6.344461192
-1.513350502 6.416334570
-1.511489806 6.471356824
-1.509943848 6.508002033
-1.502737966 6.597412362
-1.497368330 6.633367184
-1.490645465 6.669736963
-1.474250294 6.743031546
-1.459530854 6.796435154
-1.448133099 6.833487350
-1.420934331 6.906999987
-1.398790351 6.960771768
-1.382611191 6.995725066
-1.346998160 7.063353922
-1.314441716 7.110988642
-1.290433944 7.141102226
-1.233455549 7.196862007
-1.187875883 7.235317448
-1.140651336 7.269297868
-1.091742337 7.299357953
-1.041310058 7.326352220
-0.990242815 7.349580794
-0.917865635 7.374952501
-0.880512473 7.385714988
-0.828561283 7.397194364
-0.775186676 7.405267685
-0.718003135 7.410683691
-0.662852585 7.411843022
-0.593588510 7.407513115
-0.559308753 7.402503955
-0.507729582 7.391658052
-0.439829769 7.372805259
-0.406897662 7.361554466
-0.353498222 7.346456924
-0.298387970 7.336741969
-0.246478079 7.329251180
-0.194900118 7.322463192
-0.123746030 7.316287958
-0.087289229 7.313670080
-0.033900527 7.309326283
0.018388380 7.304813030
0.053940444 7.301790085
0.054522651 7.301827461
0.054916336 7.301845590
0.230499268 7.287997805
0.283689619 7.286038573
0.354486187 7.284455334
0.390100759 7.284042989
0.443308909 7.283696579
0.495973173 7.282798469
0.549279147 7.281635079
0.602755676 7.280665856
0.673547300 7.279798243
0.709092414 7.279743826
0.761789886 7.279365012
0.814379069 7.278504044
0.867355190 7.278145389
0.920663763 7.278065689
0.991334244 7.278154832
1.026765834 7.278397186
1.080055914 7.279030415
1.133578739 7.279034368
1.188383567 7.279667654
1.243062451 7.279041483
1.317379362 7.277759234
1.353486221 7.277727374
1.409256461 7.277054662
1.464644948 7.277563520
1.518706433 7.280095840
1.574570023 7.282053650
1.646447524 7.271782745
1.683174771 7.260369125
1.738202737 7.238318946
1.808201032 7.201929565
1.843324474 7.181299567
1.894503372 7.147959984
1.943168151 7.112513236
1.988188649 7.075035037
2.028805309 7.035519005
2.080857135 6.980196976
2.104231038 6.950183967
2.136465737 6.902797843
2.164968612 6.854407731
2.189202823 6.805982777
2.211342419 6.753372492
2.236982521 6.681227318
2.244635206 6.647534480
2.252212060 6.611604353
2.263480631 6.537310788
2.271479430 6.482227907
2.279674877 6.444902639
2.305254093 6.354460218
2.316329090 6.319525820
2.327082631 6.286051310
2.349616755 6.220079573
2.365998263 6.169300025
2.375470037 6.135055454
2.393453763 6.048678567
2.397523713 6.012991981
2.400498096 5.976680088
2.400751732 5.905462929
2.397318081 5.851788696
2.393903681 5.815771389
2.380472479 5.726181630
2.373584101 5.690077461
2.366280106 5.654432609
2.353360275 5.582989891
2.346079851 5.529675174
2.343080714 5.493363644
2.336657521 5.404359757
2.334198724 5.368940563
2.331632162 5.333369777
2.326434768 5.262254501
2.322615438 5.209409406
2.320164033 5.173888780
2.312412334 5.085707388
2.305007745 5.050444941
2.296602102 5.015744453
2.275966640 4.947831094
2.256489514 4.898129189
2.241785599 4.865583247
2.202640127 4.804416307
2.168360052 4.759255181
2.143463181 4.730565453
2.074915764 4.664616184
2.045773658 4.639856812
2.015414145 4.616785676
1.952393618 4.575973656
1.903445672 4.546637486
1.871251015 4.528144340
1.788403531 4.484131472
1.756638542 4.462546300
1.727369988 4.439908356
1.672383928 4.397911932
1.630641910 4.364646730
1.603235748 4.342533878
1.545863422 4.298748342
1.494439251 4.261570863
1.436699096 4.216458920
1.354821986 4.140375640
1.316373503 4.103920956
1.270707239 4.068578394
1.224443842 4.033834131
1.178441484 4.000816462
1.131916920 3.967936568
1.071712841 3.925629508
1.041431967 3.904117887
0.995452552 3.871150801
0.948284107 3.835886538
0.901658271 3.801871460
0.854792606 3.768541218
0.810234358 3.737399328
0.765610604 3.707289478
0.720535093 3.677667054
0.676156537 3.648448900
0.615880186 3.609273868
0.585622456 3.589603107
0.540581911 3.559766492
0.480164436 3.520451268
0.449890519 3.500781630
0.403766888 3.470745985
0.358049118 3.441220283
0.297272171 3.402427840
0.266866044 3.382873002
0.221638224 3.354516286
0.175366668 3.325930990
0.128800910 3.296257887
0.067625561 3.257879512
0.036918120 3.238378595
0.006635524 3.219109952
-0.068835420 3.171550275
-0.098981111 3.152905546
-0.143444690 3.125010105
-0.203527317 3.087817668
-0.233895003 3.068778876
-0.264388773 3.049788894
-0.340328779 3.002030219
-0.370899110 2.982928179
-0.416415346 2.955007457
-0.477630934 2.917549504
-0.509673358 2.898841629
-0.539697987 2.879636119
-0.613600697 2.833037360
-0.643602978 2.814265451
-0.688877589 2.786360510
-0.749010180 2.749568152
-0.779371785 2.730518915
-0.810032875 2.711730492
-0.885456734 2.664446628
-0.915426291 2.644163916
-0.959520479 2.613454717
-1.016676995 2.571512741
-1.044188536 2.548062239
-1.071565783 2.524262351
-1.131461286 2.459082005
-1.152657013 2.430031046
-1.172193948 2.400099798
-1.214331700 2.320484381
-1.228140871 2.286923159
-1.240703800 2.252664722
-1.261256082 2.182677407
-1.273056396 2.129478791
-1.279215918 2.093262268
-1.287931572 2.001877241
-1.289453279 1.966184086
-1.289715189 1.930166625
-1.287580260 1.856173512
-1.282986801 1.803058754
-1.278621247 1.768390171
-1.263318279 1.680912038
-1.256402510 1.645639349
-1.246301442 1.593586892
-1.236990950 1.543315500
-1.228648381 1.492213550
-1.223257421 1.439471748
-1.218458268 1.386214936
-1.213883907 1.333260407
-1.209174679 1.263638892
-1.206734868 1.228614062
-1.204151606 1.193515681
-1.196970711 1.103205309
-1.194227671 1.067575549
-1.189809258 1.014213594
-1.183491065 0.942756231
-1.180896026 0.907141365
-1.177445714 0.871213310
-1.169441052 0.781734331
-1.166380886 0.749059447
-1.161819918 0.703657681
-1.156697042 0.648246218
-1.154166072 0.620319321
-1.151954225 0.592060854
-1.144854152 0.519556782
-1.141801109 0.491393886
-1.137103427 0.450281829
-1.129842434 0.397410248
-1.123729205 0.372836271
-1.117301044 0.348995476
-1.098867853 0.291883898
-1.090322867 0.269610490
-1.076598839 0.236798887
-1.055660947 0.194483431
-1.044502752 0.174094114
-1.032734421 0.154785435
-1.003968934 0.111888849
-0.991919852 0.095348717
-0.973378044 0.070336265
-0.946648484 0.036864298
-0.932774235 0.020863443
-0.918866197 0.004949265
-0.883640206 -0.031514134
-0.868786733 -0.045661327
-0.845732606 -0.066509781
-0.816754045 -0.090986345
-0.801948661 -0.102873738
-0.786950155 -0.114267102
-0.747432889 -0.142153669
-0.731701098 -0.152300903
-0.716271781 -0.161398425
-0.678178292 -0.181683986
-0.661883025 -0.189081170
-0.644354529 -0.196236250
-0.604113475 -0.211359837
-0.589821251 -0.216346482
-0.567471448 -0.222619838
-0.533577460 -0.231182311
-0.516917321 -0.235098392
-0.499798660 -0.238609519
-0.458901837 -0.245403313
-0.442261951 -0.247406248
-0.421346934 -0.249027943
-0.387632307 -0.250458434
-0.370930753 -0.250853454
-0.353370217 -0.250673008
-0.313516206 -0.249177075
-0.299098404 -0.248256597
-0.269691011 -0.245316237
-0.249036965 -0.242422958
-0.234895995 -0.240213536
-0.220727920 -0.237636249
-0.198407245 -0.234130668
-0.193859721 -0.232970526
-0.193789767 -0.232453833
-0.191881530 -0.232003450
-0.191402941 -0.231838346
-0.191275068 -0.231864372
-0.180526229 -0.229990851
-0.150856539 -0.223759749
-0.127747186 -0.218182542
-0.083030558 -0.204023701
-0.068995563 -0.198553678
-0.053193679 -0.191944849
-0.018981571 -0.177227201
0.002297848 -0.168260978
0.017341917 -0.163184720
0.062801479 -0.153458120
0.080846119 -0.150349597
0.096963425 -0.147849080
0.129496310 -0.142816176
0.156200748 -0.138904868
0.174545788 -0.136435438
0.214614074 -0.133662134
0.230465740 -0.133117102
0.248364577 -0.132307382
0.286628451 -0.129611316
0.310816046 -0.127808241
0.325399806 -0.127323880
0.366521418 -0.123196319
0.383611231 -0.119430492
0.400969205 -0.115560303
0.432333683 -0.108973130
0.456916991 -0.105242984
0.474156559 -0.102636637
0.517195030 -0.097137570
0.532814026 -0.095450082
0.556862954 -0.093221720
0.591282845 -0.090116948
0.606995677 -0.089016658
0.615363171 -0.088230380
0.620558815 -0.087801880
0.618964823 -0.087916441
0.616644521 -0.088110853
0.616292701 -0.088166104
0.616461659 -0.088100768
0.616637553 -0.088062145
0.616042734 -0.088139880
0.615831347 -0.088158776
0.615759722 -0.088180829
0.615620204 -0.088090560
0.615509448 -0.088062047
0.615479713 -0.087999960
0.615210154 -0.088065956
0.615140045 -0.088067410
0.615001632 -0.088061423
0.614848892 -0.088065228
0.614158878 -0.089270898
0.614174274 -0.088962449
0.610885033 -0.090483345
0.601651884 -0.091057717
0.589021949 -0.092417254
0.542232621 -0.096156283
0.524563705 -0.097585763
0.502934095 -0.101403117
0.483013461 -0.104802188
0.475212792 -0.106832710
0.456776157 -0.109559697
0.428375474 -0.115068224
0.399907120 -0.121391931
0.376699357 -0.127213638
0.352356675 -0.132557968
0.342357397 -0.135049806
0.325974020 -0.138358834
0.300615210 -0.143754976
0.273111457 -0.148796917
0.248161911 -0.153987429
0.222462502 -0.157627343
0.212232963 -0.159843100
0.198843755 -0.162160380
0.179377840 -0.163735098
0.153239580 -0.166997120
0.133651101 -0.169215521
0.127249504 -0.169836770
0.128978544 -0.169551936
0.132436411 -0.169232804
0.135055070 -0.169075628
0.136025944 -0.169049265
0.136049038 -0.168994482
0.135815737 -0.168980674
0.135533529 -0.168871823
0.135512233 -0.169086098
0.135423496 -0.169252555
0.135308351 -0.169376873
0.135202033 -0.169516354
0.135147779 -0.169578370
0.135309797 -0.169604253
0.135339856 -0.169636487
0.135193174 -0.169623672
0.135557505 -0.169724488
0.135522094 -0.169825372
0.135501378 -0.169829300
0.135921936 -0.169799426
0.135861106 -0.169870975
0.135778762 -0.169969304
0.135823484 -0.169715643
0.135734127 -0.169808556
0.135018743 -0.170656276
0.134859455 -0.170903919
0.134845622 -0.171057655
0.134778153 -0.171094072
0.135265262 -0.171140589
0.135414692 -0.171201991
0.135761599 -0.171130646
0.135833607 -0.171134379
0.135959364 -0.171111894
0.136031506 -0.171128064
0.136063607 -0.171159106
0.136090678 -0.171075746
0.136072992 -0.171060620
0.136104304 -0.170994534
0.135639762 -0.171027614
0.135498339 -0.171048149
0.135404320 -0.171003915
0.135283572 -0.170964138
0.135197715 -0.170974517
0.135186178 -0.171004919
0.135101580 -0.171028583
0.134343654 -0.175221532
0.135488671 -0.170341970
0.139350008 -0.170956823
0.150556614 -0.170429146
0.184656754 -0.165172538
0.229784164 -0.161341323
0.245351417 -0.159945031
0.254472078 -0.159163321
0.261589760 -0.158531868
0.262415459 -0.158536157
0.262471216 -0.158623642
0.262444475 -0.158831178
0.261978755 -0.158973825
0.261959478 -0.159039267
0.262175995 -0.159255506
0.261975921 -0.160028730
0.263857081 -0.160286306
0.304727095 -0.156425190
0.330025978 -0.152838142
0.354888828 -0.149345447
0.391167627 -0.142136508
0.409226612 -0.140115822
0.419295271 -0.138478807
0.445433870 -0.136915072
0.454423923 -0.136213794
0.458548489 -0.134904059
0.460212560 -0.133725662
0.460159266 -0.133218968
0.460063807 -0.132993558
0.460310238 -0.132627062
0.460292605 -0.132544130
0.460317700 -0.132467920
0.460276798 -0.132387787
0.460309536 -0.132341727
0.459721531 -0.133102622
0.458684940 -0.132898408
0.450100455 -0.133581283
0.431180064 -0.134702222
0.400011984 -0.141447275
0.392075616 -0.144083947
0.391955122 -0.144681238
0.394433913 -0.145002360
0.395829905 -0.144976606
0.396472135 -0.144999913
0.396670907 -0.145015571
0.396032044 -0.145036039
0.395853670 -0.145049118
0.395895951 -0.145091335
0.395899463 -0.145156390
0.395820992 -0.145132081
0.395782609 -0.145094836
0.395789357 -0.145071970
0.395850214 -0.144982292
0.396078591 -0.144948251
0.395927265 -0.144953855
0.396230748 -0.144982800
0.396054035 -0.144992295
0.396014039 -0.145015172
0.396063345 -0.145022707
0.396021073 -0.145020193
0.396114940 -0.145057310
0.396144007 -0.145093348
0.396167955 -0.145029155
0.396206156 -0.144984745
0.396219838 -0.144960179
0.396298916 -0.144976659
0.396470853 -0.145079773
0.396634112 -0.145104751
0.396678285 -0.145022471
0.396707168 -0.145015594
0.396778387 -0.144977739
0.396709081 -0.145022391
0.396728568 -0.145171341
0.396828307 -0.145320940
0.396962010 -0.145335730
0.396969835 -0.145376351
0.396848031 -0.145257538
0.396960101 -0.145183959
0.397043500 -0.145245560
0.397121035 -0.145325568
0.397255543 -0.145306166
0.397314641 -0.145307500
0.397684887 -0.145327990
0.397875705 -0.145210723
0.397832037 -0.145153081
0.398061306 -0.144968736
0.398165831 -0.144894291
0.398205949 -0.144786808
0.398193204 -0.144878996
0.398296915 -0.144898454
0.398391976 -0.144918409
0.398547997 -0.144968767
0.398513064 -0.144966738
0.398467193 -0.144977531
0.398521681 -0.144920360
0.398827739 -0.144857968
0.398955346 -0.144830402
0.399051169 -0.144765068
0.399120171 -0.144794051
0.399201292 -0.144777953
0.399371122 -0.144671964
0.399407296 -0.144608395
0.399510994 -0.144567345
0.399627005 -0.144510559
0.349744065 -0.153944679
0.349255062 -0.154037150
0.349250269 -0.154038057
0.349250222 -0.154038065
0.349250221 -0.154038065
0.349250221 -0.154038065
0.349250221 -0.154038065
0.349250221 -0.154038065
0.349250221 -0.154038065
0.349250221 -0.154038065
0.349250221 -0.154038065
0.349250221 -0.154038065
0.349250221 -0.154038065
0.349250221 -0.154038065
0.349250221 -0.154038065
0.349250221 -0.154038065
0.349250221 -0.154038065
0.349250221 -0.154038065
0.349250221 -0.154038065
0.349250221 -0.154038065
0.349250221 -0.154038065
0.349250221 -0.154038065
0.349250221 -0.154038065
0.349250221 -0.154038065
0.349250221 -0.154038065
0.349250221 -0.154038065
0.349250221 -0.154038065
0.349250221 -0.154038065
0.349250221 -0.154038065
0.349250221 -0.154038065
0.349250221 -0.154038065
0.349250221 -0.154038065
0.349250221 -0.154038065
0.349250221 -0.154038065
0.349250221 -0.154038065
0.349250221 -0.154038065
0.349250221 -0.154038065
0.349250221 -0.154038065
0.349250221 -0.154038065
0.349250221 -0.154038065
0.349250221 -0.154038065
0.349250221 -0.154038065
0.349250221 -0.154038065
0.349250221 -0.154038065
0.349250221 -0.154038065
0.349250221 -0.154038065
0.349250221 -0.154038065
0.349250221 -0.154038065
0.349250221 -0.154038065
0.349250221 -0.154038065
0.349250221 -0.154038065
0.349250221 -0.154038065
0.349250221 -0.154038065
0.349250221 -0.154038065
0.349250221 -0.154038065
0.349250221 -0.154038065
0.349250221 -0.154038065
0.349250221 -0.154038065
0.349250221 -0.154038065
0.349250221 -0.154038065
0.349250221 -0.154038065
0.349250221 -0.154038065
0.349250221 -0.154038065
0.349250221 -0.154038065
0.349250221 -0.154038065
0.349250221 -0.154038065
0.349250221 -0.154038065
0.349250221 -0.154038065
0.349250221 -0.154038065
0.349250221 -0.154038065
0.349250221 -0.154038065
0.349250221 -0.154038065
0.349250221 -0.154038065
0.349250221 -0.154038065
0.349250221 -0.154038065
0.349250221 -0.154038065
0.349250221 -0.154038065
0.349250221 -0.154038065
0.349250221 -0.154038065
0.349250221 -0.154038065
0.349250221 -0.154038065
0.349250221 -0.154038065
0.349250221 -0.154038065
0.349250221 -0.154038065
0.349250221 -0.154038065
0.349250221 -0.154038065
0.349250221 -0.154038065
0.349250221 -0.154038065
0.349250221 -0.154038065
0.349250221 -0.154038065
0.349250221 -0.154038065
0.349250221 -0.154038065
0.349250221 -0.154038065
0.349250221 -0.154038065
0.349250221 -0.154038065
0.349250221 -0.154038065
0.349250221 -0.154038065
0.349250221 -0.154038065
0.349250221 -0.154038065
0.349250221 -0.154038065
0.349250221 -0.154038065
0.349250221 -0.154038065
0.349250221 -0.154038065
0.349250221 -0.154038065
0.349250221 -0.154038065
0.349250221 -0.154038065
0.349250221 -0.154038065
0.349250221 -0.154038065
0.349250221 -0.154038065
0.349250221 -0.154038065
0.349250221 -0.154038065
0.349250221 -0.154038065
0.349250221 -0.154038065
0.349250221 -0.154038065
0.349250221 -0.154038065
0.349250221 -0.154038065
0.349250221 -0.154038065
0.349250221 -0.154038065
0.349250221 -0.154038065
0.349250221 -0.154038065
0.349250221 -0.154038065
0.349250221 -0.154038065
0.349250221 -0.154038065
0.349250221 -0.154038065
0.349250221 -0.154038065
0.349250221 -0.154038065
0.349250221 -0.154038065
0.349250221 -0.154038065
0.349250221 -0.154038065
0.349250221 -0.154038065
0.349250221 -0.154038065
0.349250221 -0.154038065
0.349250221 -0.154038065
0.349250221 -0.154038065
0.349250221 -0.154038065
0.349250221 -0.154038065
0.349250221 -0.154038065
0.349250221 -0.154038065
0.349250221 -0.154038065
0.349250221 -0.154038065
0.349250221 -0.154038065
0.349250221 -0.154038065
0.349250221 -0.154038065
0.349250221 -0.154038065
0.349250221 -0.154038065
0.349250221 -0.154038065
0.349250221 -0.154038065
0.349250221 -0.154038065
0.349250221 -0.154038065
0.349250221 -0.154038065
0.349250221 -0.154038065
0.349250221 -0.154038065
0.349250221 -0.154038065
0.349250221 -0.154038065
0.349250221 -0.154038065
0.349250221 -0.154038065
0.349250221 -0.154038065
0.349250221 -0.154038065
0.349250221 -0.154038065
0.349250221 -0.154038065
0.349250221 -0.154038065
0.349250221 -0.154038065
0.349250221 -0.154038065
0.349250221 -0.154038065
0.349250221 -0.154038065
0.349250221 -0.154038065
0.349250221 -0.154038065
0.349250221 -0.154038065
0.349250221 -0.154038065
0.349250221 -0.154038065
0.349250221 -0.154038065
0.349250221 -0.154038065
0.349250221 -0.154038065
0.349250221 -0.154038065
0.349250221 -0.154038065
0.349250221 -0.154038065
0.349250221 -0.154038065
0.349250221 -0.154038065
0.349250221 -0.154038065
0.349250221 -0.154038065
0.349250221 -0.154038065
0.349250221 -0.154038065
0.349250221 -0.154038065
0.349250221 -0.154038065
0.349250221 -0.154038065
0.349250221 -0.154038065
0.349250221 -0.154038065
0.349250221 -0.154038065
0.349250221 -0.154038065
0.349250221 -0.154038065
0.349250221 -0.154038065
0.349250221 -0.154038065
0.349250221 -0.154038065
0.349250221 -0.154038065
0.349250221 -0.154038065
0.349250221 -0.154038065
0.349250221 -0.154038065
0.349250221 -0.154038065
0.349250221 -0.154038065
0.349250221 -0.154038065
0.349250221 -0.154038065
0.349250221 -0.154038065
0.349250221 -0.154038065
0.349250221 -0.154038065
0.349250221 -0.154038065
0.349250221 -0.154038065
0.349250221 -0.154038065
0.349250221 -0.154038065
0.349250221 -0.154038065
0.349250221 -0.154038065
0.349250221 -0.154038065
0.349250221 -0.154038065
0.349250221 -0.154038065
0.349250221 -0.154038065
0.349250221 -0.154038065
0.349250221 -0.154038065
0.349250221 -0.154038065
0.349250221 -0.154038065
0.349250221 -0.154038065
0.349250221 -0.154038065
0.349250221 -0.154038065
0.349250221 -0.154038065
0.349250221 -0.154038065
0.349250221 -0.154038065
0.349250221 -0.154038065
0.349250221 -0.154038065
0.349250221 -0.154038065
0.349250221 -0.154038065
0.349250221 -0.154038065
0.349250221 -0.154038065
0.349250221 -0.154038065
0.349250221 -0.154038065
0.349250221 -0.154038065
0.349250221 -0.154038065
0.349250221 -0.154038065
0.349250221 -0.154038065
0.349250221 -0.154038065
0.349250221 -0.154038065
0.349250221 -0.154038065
0.349250221 -0.154038065
0.349250221 -0.154038065
0.349250221 -0.154038065
0.349250221 -0.154038065
0.349250221 -0.154038065
0.349250221 -0.154038065
0.349250221 -0.154038065
0.349250221 -0.154038065
0.349250221 -0.154038065
0.349250221 -0.154038065
0.349250221 -0.154038065
0.349250221 -0.154038065
0.349250221 -0.154038065
0.349250221 -0.154038065
0.349250221 -0.154038065
0.349250221 -0.154038065
0.349250221 -0.154038065
0.349250221 -0.154038065
0.349250221 -0.154038065
0.349250221 -0.154038065
0.349250221 -0.154038065
0.349250221 -0.154038065
0.349250221 -0.154038065
0.349250221 -0.154038065
0.349250221 -0.154038065
0.349250221 -0.154038065
0.349250221 -0.154038065
0.349250221 -0.154038065
0.349250221 -0.154038065
0.349250221 -0.154038065
0.349250221 -0.154038065
0.349250221 -0.154038065
0.349250221 -0.154038065
0.349250221 -0.154038065
0.349250221 -0.154038065
0.349250221 -0.154038065
0.349250221 -0.154038065
0.349250221 -0.154038065
0.349250221 -0.154038065
0.349250221 -0.154038065
0.349250221 -0.154038065
0.349250221 -0.154038065
0.349250221 -0.154038065
0.349250221 -0.154038065
0.349250221 -0.154038065
0.349250221 -0.154038065
0.349250221 -0.154038065
0.349250221 -0.154038065
0.349250221 -0.154038065
0.349250221 -0.154038065
0.349250221 -0.154038065
0.349250221 -0.154038065
0.349250221 -0.154038065
0.349250221 -0.154038065
0.349250221 -0.154038065
0.349250221 -0.154038065
0.349250221 -0.154038065
0.349250221 -0.154038065
0.349250221 -0.154038065
0.349250221 -0.154038065
0.349250221 -0.154038065
0.349250221 -0.154038065
0.349250221 -0.154038065
0.349250221 -0.154038065
0.349250221 -0.154038065
0.349250221 -0.154038065
0.349250221 -0.154038065
0.349250221 -0.154038065
0.349250221 -0.154038065
0.349250221 -0.154038065
0.349250221 -0.154038065
0.349250221 -0.154038065
0.349250221 -0.154038065
0.349250221 -0.154038065
0.349250221 -0.154038065
0.349250221 -0.154038065
0.349250221 -0.154038065
0.349250221 -0.154038065
0.349250221 -0.154038065
0.349250221 -0.154038065
0.349250221 -0.154038065
0.349250221 -0.154038065
0.349250221 -0.154038065
0.349250221 -0.154038065
0.349250221 -0.154038065
0.349250221 -0.154038065
