0.000000000 0.000000001
-0.000136484 0.000077026
-0.000264584 0.000151346
-0.000387375 0.000201051
-0.000482709 0.000227855
-0.000575973 0.000291920
-0.000646445 0.000341539
-0.000707018 0.000360426
-0.000784415 0.000413767
-0.000826625 0.000455559
-0.000863049 0.000472948
-0.000905985 0.000538777
-0.000938533 0.000560892
-0.000960424 0.000570255
-0.000995496 0.000611308
-0.001010859 0.000623010
-0.001022864 0.000631937
-0.001074462 0.000669180
-0.001062492 0.000653435
-0.001057853 0.000653375
-0.001055124 0.000659224
-0.001043821 0.000635258
-0.001072469 0.000641281
-0.001080597 0.000657031
-0.001074874 0.000606947
-0.001109347 0.000608954
-0.001112894 0.000615873
-0.001109208 0.000591981
-0.001115440 0.000606955
-0.001116151 0.000624696
-0.001090206 0.000612069
-0.001125746 0.000642116
-0.001120840 0.000656320
-0.001103229 0.000630889
-0.001132176 0.000669753
-0.001137762 0.000690162
-0.001141133 0.000702937
-0.001180263 0.000726940
-0.001167830 0.000733522
-0.001169768 0.000737934
-0.001169585 0.000753404
-0.001166906 0.000749715
-0.001168267 0.000755279
-0.001174085 0.000778322
-0.001162001 0.000751275
-0.001208625 0.000745720
-0.001196968 0.000756482
-0.001173531 0.000728888
-0.001185978 0.000719340
-0.001188134 0.000722032
-0.001172722 0.000673841
-0.001177130 0.000663775
-0.001195243 0.000672690
-0.001177028 0.000622891
-0.001196583 0.000628460
-0.001207262 0.000628489
-0.001196957 0.000603917
-0.001215967 0.000609452
-0.001203735 0.000612491
-0.001202496 0.000603079
-0.001231794 0.000608769
-0.001204221 0.000600604
-0.001211544 0.000596386
-0.001232268 0.000611359
-0.001192572 0.000606255
-0.001173636 0.000600211
-0.001156346 0.000606377
-0.001136237 0.000589918
-0.001138037 0.000585368
-0.001131532 0.000594214
-0.001100823 0.000568343
-0.001152533 0.000558353
-0.001166903 0.000556250
-0.001174964 0.000531572
-0.001172865 0.000523463
-0.001195460 0.000525630
-0.001179460 0.000486191
-0.001191507 0.000486261
-0.001206705 0.000488281
-0.001192939 0.000470722
-0.001194371 0.000478622
-0.001194882 0.000481490
-0.001194384 0.000475697
-0.001199512 0.000489243
-0.001216555 0.000486578
-0.001209424 0.000483301
-0.001227218 0.000486393
-0.001199935 0.000484852
-0.001178865 0.000478005
-0.001187337 0.000489998
-0.001190707 0.000477662
-0.001186659 0.000471662
-0.001217957 0.000484360
-0.001177259 0.000456681
-0.001166265 0.000447830
-0.001160971 0.000453257
-0.001145005 0.000425897
-0.001143814 0.000421785
-0.001155211 0.000420141
-0.001149715 0.000375410
-0.001147897 0.000399676
-0.001139246 0.000421048
-0.001111523 0.000411845
-0.001158116 0.000438372
-0.001180426 0.000453730
-0.001176420 0.000452929
-0.001178842 0.000489757
-0.001177799 0.000510261
-0.001187121 0.000515614
-0.001194747 0.000548471
-0.001200276 0.000548218
-0.001204587 0.000547590
-0.001214215 0.000570661
-0.001203624 0.000562381
-0.001220558 0.000555210
-0.001250585 0.000575336
-0.001210754 0.000543349
-0.001194564 0.000535399
-0.001212018 0.000528705
-0.001161405 0.000516949
-0.001143111 0.000514718
-0.001148644 0.000520607
-0.001104560 0.000497235
-0.001088723 0.000496461
-0.001072733 0.000493039
-0.001054649 0.000456331
-0.001072395 0.000483468
-0.001087742 0.000503780
-0.001023420 0.000502848
-0.001007159 0.000528850
-0.000996842 0.000541480
-0.000971598 0.000544868
-0.000992711 0.000559474
-0.000967533 0.000574183
-0.000954590 0.000577241
-0.000975849 0.000590970
-0.000954778 0.000596426
-0.000945841 0.000602719
-0.000947833 0.000610019
-0.000907052 0.000605016
-0.000907396 0.000612520
-0.000913832 0.000624068
-0.000863065 0.000611120
-0.000843398 0.000612859
-0.000855203 0.000623951
-0.000821533 0.000614813
-0.000799820 0.000618589
-0.000802488 0.000621797
-0.000778095 0.000611923
-0.000747899 0.000616353
-0.000727257 0.000624385
-0.000709375 0.000605932
-0.000707510 0.000611782
-0.000704411 0.000616146
-0.000700310 0.000604919
-0.000707134 0.000612765
-0.000733560 0.000621963
-0.000713670 0.000615726
-0.000687875 0.000632032
-0.000659426 0.000631181
-0.000641616 0.000627176
-0.000631428 0.000643312
-0.000601519 0.000631565
-0.000590907 0.000631274
-0.000600085 0.000640319
-0.000568005 0.000617937
-0.000543273 0.000616156
-0.000535259 0.000617454
-0.000494736 0.000600505
-0.000503225 0.000602922
-0.000528086 0.000603780
-0.000520747 0.000585509
-0.000555278 0.000590664
-0.000565325 0.000599026
-0.000516102 0.000599178
-0.000524409 0.000613711
-0.000544564 0.000622877
-0.000524246 0.000610870
-0.000512671 0.000640653
-0.000502179 0.000644118
-0.000448955 0.000640985
-0.000520119 0.000657286
-0.000540990 0.000657246
-0.000553495 0.000653815
-0.000601621 0.000677482
-0.000614955 0.000668806
-0.000623925 0.000671399
-0.000666857 0.000672681
-0.000610322 0.000665837
-0.000577419 0.000665326
-0.000623148 0.000670863
-0.000546398 0.000650416
-0.000509101 0.000654699
-0.000488533 0.000664950
-0.000459010 0.000657289
-0.000422107 0.000664638
-0.000413769 0.000666314
-0.000452395 0.000628365
-0.000000539 0.000762089
0.002799403 -0.000922016
0.009881992 -0.001013235
0.019588523 -0.001220489
0.031266679 -0.001443543
0.047026753 -0.001845696
0.063002419 -0.002324394
0.078909207 -0.002920640
0.094700500 -0.003609392
0.109553977 -0.004337047
0.124296459 -0.005209272
0.136554707 -0.006081583
0.146656138 -0.006881951
0.156136797 -0.007649764
0.164410449 -0.008443982
0.172414151 -0.009203097
0.180278184 -0.009949522
0.186896194 -0.010608915
0.193604644 -0.011232658
0.200808279 -0.011948728
0.209512889 -0.012431628
0.219872145 -0.013020515
0.231689148 -0.013679316
0.244265394 -0.014330077
0.257124031 -0.014731907
0.270103796 -0.015244147
0.283081758 -0.015752462
0.295955296 -0.016309722
0.308851421 -0.016882635
0.321208939 -0.017467796
0.333457420 -0.018080293
0.345154741 -0.018649799
0.356378587 -0.019212939
0.367099604 -0.019710326
0.377425683 -0.020187793
0.387584207 -0.020708428
0.397547619 -0.021219999
0.407447674 -0.021747078
0.418160150 -0.022292906
0.430018061 -0.022851344
0.442631417 -0.023489867
0.455543803 -0.024152597
0.468638988 -0.024858985
0.482319224 -0.025513561
0.495846664 -0.026223936
0.509091561 -0.026935020
0.521940161 -0.027617357
0.534672968 -0.028281188
0.547224446 -0.029075850
0.559518343 -0.029803881
0.571710442 -0.030509061
0.583802394 -0.031206461
0.595928750 -0.031902153
0.608613506 -0.032485791
0.622196535 -0.033100939
0.635918823 -0.033852514
0.649671929 -0.034691415
0.663500221 -0.035518849
0.677393037 -0.036334951
0.690913570 -0.037108007
0.704095220 -0.037857076
0.717187395 -0.038599542
0.730157016 -0.039384611
0.742637063 -0.040041608
0.755011779 -0.040674444
0.767374721 -0.041342342
0.779797737 -0.042044974
0.792813885 -0.042775638
0.806198875 -0.043519964
0.819999670 -0.044305294
0.833821403 -0.045111703
0.847743810 -0.045866345
0.861580476 -0.046618008
0.875083864 -0.047390097
0.888401703 -0.048150733
0.901675003 -0.048813831
0.913922391 -0.049513134
0.926129002 -0.050172362
0.938336592 -0.050824202
0.950607391 -0.052121058
0.963194530 -0.053262411
0.976168378 -0.054394084
0.989423227 -0.055534892
1.002789228 -0.056687946
1.016394738 -0.057755924
1.030062178 -0.058792720
1.043767100 -0.059810040
1.057481346 -0.060860085
1.071586356 -0.061905945
1.086028852 -0.062811184
1.100690583 -0.063765156
1.115465002 -0.064769105
1.131104589 -0.065753485
1.146755588 -0.066959834
1.162091058 -0.068080157
1.177384892 -0.069196377
1.192707298 -0.070307721
1.207421322 -0.071233521
1.222061171 -0.072172616
1.236716941 -0.072998188
1.251504156 -0.073629611
1.266287104 -0.074179164
1.281456760 -0.074623713
1.296625001 -0.075044705
1.311982012 -0.074997558
1.327468839 -0.074815348
1.342967179 -0.074494874
1.358194934 -0.074023903
1.373396079 -0.073403094
1.388485294 -0.072633359
1.403529882 -0.071499159
1.418623796 -0.070335388
1.433877360 -0.068777169
1.449323181 -0.067095148
1.464802500 -0.065116046
1.480299316 -0.063387398
1.495962766 -0.060851353
1.511371322 -0.058257511
1.526796360 -0.055874027
1.542189073 -0.053453870
1.557324071 -0.050589084
1.572426043 -0.047590515
1.587614040 -0.044486507
1.603094781 -0.041316699
1.618452892 -0.037431683
1.633607355 -0.032139691
1.648883060 -0.026503163
1.663244572 -0.018745655
1.677640009 -0.011521459
1.691888516 -0.004229518
1.705852744 0.003756645
1.719688859 0.011999141
1.733511936 0.020284865
1.747003344 0.029101858
1.760631325 0.038027143
1.773431498 0.048082922
1.786271059 0.058876555
1.799032466 0.069590814
1.811864437 0.080692743
1.824600534 0.090600198
1.837228157 0.100775347
1.849037167 0.112371363
1.860745688 0.123880861
1.872175406 0.135632510
1.883276606 0.147737283
1.893733917 0.159878113
1.903946257 0.172132105
1.913819577 0.184744523
1.923621455 0.197089178
1.933130378 0.209554169
1.942806507 0.222644403
1.951708085 0.235197839
1.960285719 0.247594544
1.968468670 0.260197680
1.976354830 0.272960663
1.984137529 0.286210188
1.991745772 0.299801149
1.999190710 0.313826868
2.006903016 0.328675867
2.014348122 0.343784826
2.021547742 0.359048727
2.028289147 0.373612154
2.034263733 0.387803655
2.039454225 0.401607692
2.044288653 0.415434815
2.048806507 0.429471733
2.053821676 0.444636704
2.058764874 0.460597640
2.063387960 0.476812180
2.067685809 0.493217229
2.071588939 0.509758433
2.075116284 0.526392917
2.078259736 0.543056608
2.080953720 0.559657630
2.083269402 0.576605936
2.085258151 0.593636515
2.086996137 0.610956735
2.088460765 0.628605133
2.089698978 0.646317818
2.090401282 0.664306903
2.090729648 0.682390476
2.090803501 0.700336023
2.090438195 0.718048516
2.089684641 0.736482390
2.088783209 0.754887050
2.087563791 0.772818124
2.086127426 0.790564461
2.084519382 0.808273463
2.082743857 0.825920752
2.080854608 0.843675171
2.078799309 0.861452808
2.076664133 0.879726616
2.074338932 0.898041806
2.072217661 0.916343444
2.070270509 0.934602743
2.068659414 0.952682870
2.067008660 0.970187884
2.066011666 0.987521012
2.065607421 1.004875223
2.065457405 1.022112469
2.065468942 1.039388970
2.065645782 1.056678597
2.065929573 1.074007738
2.066404203 1.091335273
2.066821300 1.108412341
2.067459552 1.125439694
2.068119826 1.142447402
2.068715255 1.159176279
2.069381733 1.175794101
2.069978501 1.192251368
2.070684750 1.208902131
2.071367403 1.225561572
2.072061428 1.242260944
2.073059064 1.259165912
2.073783558 1.276026598
2.074461434 1.292797745
2.075101568 1.309481903
2.075754597 1.326033302
2.076778208 1.342551693
2.077544628 1.358882210
2.078372367 1.375189244
2.079121879 1.391537321
2.079854099 1.408012231
2.080597471 1.424687005
2.081376348 1.441750962
2.081995524 1.458968148
2.082740072 1.476333025
2.083332107 1.494469898
2.083875545 1.512635251
2.084593541 1.530724296
2.085310062 1.548853413
2.086000313 1.566942038
2.086679376 1.585008101
2.087334488 1.602987780
2.087891924 1.620828479
2.088421039 1.638372917
2.088952435 1.655878739
2.089532955 1.673202820
2.090092686 1.690682064
2.090611513 1.708337167
2.091162454 1.726035594
2.091699936 1.744068097
2.092239329 1.762176081
2.092667867 1.780375478
2.093250301 1.798238888
2.093692144 1.816103086
2.094165181 1.833865503
2.094585549 1.851612393
2.094998346 1.869338653
2.095380250 1.887154755
2.095760328 1.904936038
2.096222473 1.922761440
2.096597543 1.940600163
2.096930520 1.958461672
2.097350789 1.976355332
2.097770908 1.994149746
2.098187530 2.011927565
2.098651702 2.029672033
2.098987494 2.047613456
2.099340855 2.065524648
2.099643195 2.083489433
2.099893560 2.101464002
2.100132680 2.119378967
2.100311325 2.137301594
2.100456424 2.155179321
2.100570076 2.173071774
2.100653471 2.190972402
2.100725238 2.208864644
2.100833349 2.226804892
2.100931761 2.244776244
2.101016749 2.262750880
2.100932418 2.280713690
2.100817923 2.298641691
2.100690636 2.316541332
2.100624926 2.334233835
2.100560622 2.351921700
2.100585602 2.369600820
2.100571958 2.387317434
2.100544354 2.405133759
2.100450160 2.422971172
2.100345474 2.440920576
2.100184729 2.458866008
2.099995635 2.476806905
2.099755342 2.494742069
2.099406518 2.512669345
2.099109596 2.530443154
2.098825558 2.548196888
2.098455722 2.566172640
2.098179319 2.583919427
2.097868105 2.601667569
2.097414423 2.619526078
2.096990833 2.637262085
2.096651198 2.654967198
2.096312567 2.672630690
2.095925826 2.690242741
2.095632899 2.708034111
2.095328608 2.725670457
2.094979524 2.743496807
2.094592450 2.761353051
2.094174749 2.779263428
2.093690976 2.797146628
2.093211412 2.814932107
2.092687234 2.832712343
2.092131400 2.850389481
2.091575533 2.867793570
2.090935572 2.885293185
2.090541373 2.902874164
2.089791191 2.920329136
2.088988473 2.937899234
2.088144342 2.955537858
2.087483494 2.972945434
2.086803458 2.990593046
2.086124187 3.008171179
2.085453723 3.025755711
2.084810911 3.043440379
2.084165697 3.061126061
2.083545794 3.078952874
2.082912630 3.096905746
2.082226422 3.114782702
2.081515177 3.132628641
2.080795411 3.150472317
2.079960546 3.168353688
2.079154409 3.186257813
2.078220042 3.204178189
2.076631414 3.222112258
2.074704079 3.239878402
2.072307302 3.257590583
2.069655523 3.275291785
2.066715456 3.293079384
2.063739124 3.310755052
2.060619745 3.328341407
2.057367438 3.345932851
2.054040197 3.363431370
2.050569766 3.381038718
2.046694164 3.398772295
2.042619778 3.416504583
2.038416332 3.434176020
2.033802665 3.451493479
2.028143004 3.468184580
2.021259451 3.484629310
2.013824681 3.501051772
2.005796953 3.516896623
1.997186023 3.532701881
1.987646149 3.548098559
1.977455486 3.563351212
1.966716815 3.578375398
1.955685856 3.593134929
1.943909253 3.607670244
1.931117062 3.622127546
1.917915154 3.636212271
1.904176959 3.650161516
1.889980628 3.664103634
1.875854618 3.677299011
1.861553741 3.689927377
1.846941597 3.702122328
1.832013349 3.713986499
1.818377203 3.725539968
1.804250106 3.737054407
1.790014163 3.748025901
1.775604557 3.758383582
1.761525083 3.767551002
1.746894885 3.776609840
1.732427104 3.785331908
1.717491341 3.794005260
1.701374215 3.802806285
1.685049608 3.811306276
1.668786963 3.819194610
1.652506605 3.826685558
1.636453011 3.833241141
1.620341837 3.839426907
1.604164760 3.845207777
1.587844373 3.850539638
1.571246098 3.855271213
1.554409594 3.859746718
1.537204462 3.864078209
1.519831381 3.868069032
1.502217475 3.871427265
1.484577828 3.874321051
1.466918441 3.877130750
1.449219114 3.879695030
1.431820940 3.882389231
1.414536214 3.884555727
1.397396639 3.886352356
1.380267328 3.888152519
1.363047997 3.889078396
1.345404606 3.889815941
1.327642968 3.890163887
1.308859200 3.890656461
1.289351669 3.890959541
1.269687612 3.890908974
1.250081592 3.890463125
1.230019606 3.889691128
1.211186936 3.888444376
1.196017147 3.885997115
1.178004854 3.884032940
1.159263970 3.882174535
1.138107304 3.880407854
1.116766217 3.878196859
1.097008953 3.875593748
1.077764348 3.872610183
1.058173571 3.869697555
1.039811049 3.866377808
1.022296250 3.862840440
1.004954876 3.859015292
0.988179766 3.855369403
0.972339336 3.851416972
0.951605999 3.848476957
0.933877050 3.845850378
0.916324876 3.843285434
0.898679575 3.841039547
0.880915706 3.838907508
0.863687903 3.837345912
0.846496861 3.835921057
0.829059688 3.834606770
0.812702314 3.833415682
0.795948506 3.832295157
0.779057536 3.831162248
0.761802921 3.830106851
0.744680536 3.828918480
0.727425534 3.827536374
0.710105168 3.825998030
0.692933218 3.824284109
0.675846358 3.822357748
0.658951255 3.820219721
0.641523732 3.818053345
0.624559650 3.815351557
0.607253686 3.812446642
0.589955055 3.809395219
0.572995811 3.806291978
0.556071356 3.803065794
0.539183592 3.799734937
0.522401476 3.796353036
0.505591206 3.792861745
0.488798233 3.789297380
0.472098344 3.785671074
0.455441823 3.781562030
0.438745250 3.777460623
0.422138044 3.773363506
0.405287299 3.769133546
0.388274840 3.765259216
0.371751745 3.761590333
0.354950023 3.757968806
0.338235568 3.754407093
0.321383823 3.750837464
0.304494144 3.747197120
0.287506755 3.743721504
0.270447127 3.740139984
0.253358119 3.736522119
0.236634695 3.733306467
0.219322515 3.730007660
0.202102956 3.726700179
0.184855044 3.723487510
0.165943993 3.719860387
0.148570088 3.716641476
0.131038150 3.713260483
0.112706224 3.709652065
0.095223875 3.706177627
0.077896945 3.702828811
0.059891849 3.699312830
0.041615885 3.695749108
0.023403077 3.692032242
0.005185943 3.688382349
-0.012957916 3.684697458
-0.030365332 3.681184865
-0.048358961 3.677513786
-0.066357866 3.673789301
-0.083655790 3.670208676
-0.101438611 3.666837336
-0.119073657 3.663169702
-0.136969118 3.659509562
-0.155978197 3.655691475
-0.173444097 3.652270465
-0.190690803 3.648520629
-0.209017278 3.644804898
-0.226742561 3.640831214
-0.244039113 3.636937668
-0.261893342 3.633120868
-0.279879414 3.629588076
-0.296911847 3.625325152
-0.314789430 3.621592846
-0.332670454 3.617748996
-0.350422894 3.613919085
-0.368783447 3.609987731
-0.386574606 3.606181387
-0.404072613 3.602431044
-0.422085683 3.598737637
-0.439549204 3.595167034
-0.456992732 3.591608489
-0.475188198 3.588088306
-0.492917980 3.584451676
-0.510569601 3.580797944
-0.528608604 3.577020807
-0.546236900 3.573153481
-0.563769217 3.569352096
-0.582417714 3.565689203
-0.600220405 3.562219975
-0.618343397 3.559091488
-0.636495554 3.556472459
-0.654681977 3.554791928
-0.672683645 3.553499818
-0.690743511 3.552512976
-0.708559070 3.551822412
-0.726511963 3.551992171
-0.744409392 3.552498259
-0.762182565 3.553693281
-0.779947866 3.555794083
-0.797664335 3.558366715
-0.815405803 3.561496488
-0.833078965 3.565347920
-0.850394704 3.569621173
-0.868836486 3.574199999
-0.886981542 3.579141329
-0.904767848 3.584354782
-0.922371672 3.590474761
-0.940120426 3.597071701
-0.957692656 3.604120991
-0.975316943 3.612072619
-0.992359932 3.620379465
-1.009592652 3.629128054
-1.026753264 3.638269919
-1.042792877 3.647855305
-1.059004458 3.657766910
-1.075048877 3.668229131
-1.090536947 3.679023337
-1.106237987 3.690222639
-1.121715526 3.701770793
-1.136938637 3.713647163
-1.152259909 3.725702345
-1.167213725 3.738010571
-1.181105983 3.750387849
-1.194656337 3.763036127
-1.208197653 3.775990911
-1.221549719 3.789201708
-1.234619042 3.802739470
-1.247701092 3.816700601
-1.260438687 3.830994364
-1.273080530 3.845690015
-1.285245717 3.860456805
-1.297017676 3.875616024
-1.308426522 3.891051709
-1.319405326 3.906582552
-1.330154105 3.922310866
-1.340731045 3.938240568
-1.351007852 3.954336102
-1.360930779 3.970439925
-1.370492708 3.986731868
-1.379659195 4.003279896
-1.388517038 4.020078336
-1.396898568 4.037392928
-1.405259432 4.055037806
-1.413500588 4.072803206
-1.421199874 4.090491074
-1.428332589 4.107962199
-1.434804434 4.125146707
-1.440817110 4.142358131
-1.446384869 4.159637002
-1.451574646 4.176982557
-1.456792332 4.195233755
-1.461648729 4.213764479
-1.466176494 4.232443348
-1.470413275 4.251730127
-1.474042151 4.270564546
-1.476863027 4.288550344
-1.479318120 4.306462529
-1.481430944 4.324322466
-1.483065920 4.342321422
-1.484432588 4.360683616
-1.485523956 4.379426563
-1.486219375 4.398281975
-1.486444157 4.417271623
-1.486342680 4.436173914
-1.485753913 4.454957006
-1.484648354 4.473495063
-1.483168580 4.491976975
-1.481184602 4.510306841
-1.479286272 4.528628511
-1.477193926 4.547695180
-1.475162744 4.566702429
-1.474251891 4.585931363
-1.474592299 4.604673561
-1.474986075 4.622997325
-1.475566621 4.641539678
-1.476398998 4.659871178
-1.477651792 4.677824060
-1.479119176 4.696290677
-1.480546056 4.713681328
-1.482062242 4.730958745
-1.483619108 4.748306051
-1.485156708 4.765884953
-1.486713422 4.783631347
-1.488292607 4.801616816
-1.490058280 4.819324233
-1.491882270 4.837125217
-1.493730306 4.855127742
-1.495681004 4.872999834
-1.497659115 4.890732162
-1.499662350 4.908672712
-1.501665619 4.926423248
-1.503684146 4.944153483
-1.505679858 4.961977670
-1.507680412 4.979863390
-1.509674691 4.997765670
-1.511671898 5.015909619
-1.513416362 5.033755607
-1.514583198 5.051721776
-1.515504006 5.069586433
-1.515861065 5.087742636
-1.516002786 5.105409097
-1.516240156 5.123961209
-1.516476280 5.142491186
-1.516921220 5.160827322
-1.517557748 5.179144339
-1.518277417 5.197432195
-1.519092575 5.214979293
-1.520024950 5.233040218
-1.520997058 5.250766145
-1.521977719 5.268561706
-1.523050299 5.286543697
-1.524050514 5.304813509
-1.525030651 5.322652123
-1.526149123 5.340674523
-1.527361376 5.358664950
-1.528517761 5.376654746
-1.529662783 5.394680539
-1.530723664 5.412599945
-1.531754395 5.430567526
-1.532660934 5.448491610
-1.533629916 5.466871384
-1.534580875 5.484842781
-1.535542247 5.502916341
-1.536582751 5.521045962
-1.537646368 5.539165592
-1.538727337 5.557291622
-1.539822158 5.575557541
-1.540843648 5.593643730
-1.541931196 5.611818587
-1.542944300 5.629910179
-1.543947414 5.648016253
-1.544918041 5.666183820
-1.545849396 5.684375343
-1.546695159 5.702531650
-1.547437281 5.720797916
-1.548081562 5.738939353
-1.548482358 5.757036706
-1.548719117 5.775149443
-1.548793611 5.793648246
-1.548695764 5.811582651
-1.548517712 5.829978587
-1.548285224 5.848353908
-1.547981865 5.866495821
-1.547634426 5.884690188
-1.547279106 5.902950241
-1.546891447 5.921127279
-1.546468938 5.939434159
-1.546046702 5.957527733
-1.545544219 5.975536719
-1.545007504 5.994018738
-1.544375319 6.011767419
-1.543771079 6.029554732
-1.543158522 6.047486102
-1.542497132 6.064986820
-1.541718689 6.082497938
-1.540873589 6.100059919
-1.540171729 6.117693242
-1.539413914 6.135419185
-1.538715938 6.153491321
-1.538114431 6.171583624
-1.537513247 6.189797410
-1.536962597 6.208099268
-1.536447491 6.226298890
-1.535925456 6.244442262
-1.535453274 6.262694627
-1.534937716 6.281036051
-1.534410106 6.299070420
-1.533848954 6.317179523
-1.533313420 6.336132195
-1.532850193 6.353161348
-1.532407183 6.371976085
-1.531980299 6.390501569
-1.531659431 6.408329734
-1.531116330 6.426893458
-1.530576681 6.444956880
-1.529919715 6.463145443
-1.529235904 6.481648246
-1.528520492 6.499792149
-1.527717296 6.517892336
-1.526684135 6.536172734
-1.525241961 6.554067872
-1.523478763 6.571849120
-1.521388269 6.589727638
-1.519021056 6.607575626
-1.516143440 6.625498752
-1.512974053 6.643666189
-1.509494876 6.661870937
-1.505771583 6.680064157
-1.501778641 6.698828202
-1.497567252 6.717275376
-1.493171347 6.735206247
-1.488570265 6.753478389
-1.483574382 6.771213155
-1.478353903 6.788807718
-1.472853378 6.807344226
-1.467133364 6.825862699
-1.460894903 6.844127925
-1.454330416 6.863006902
-1.447537959 6.881539627
-1.439879604 6.899768097
-1.432790482 6.918002647
-1.425542163 6.935982473
-1.417793381 6.953594349
-1.409795859 6.971015024
-1.401793704 6.988422433
-1.393269340 7.005670163
-1.384500346 7.022766457
-1.375317460 7.039681959
-1.366066219 7.056435217
-1.356019107 7.072851697
-1.344874831 7.088663577
-1.333481135 7.104241427
-1.321624771 7.119404524
-1.309665092 7.134239218
-1.295891175 7.148736732
-1.281784717 7.162873622
-1.267361817 7.176692809
-1.252589568 7.190151683
-1.237714004 7.203318463
-1.222468455 7.216193058
-1.206938145 7.228680479
-1.191560023 7.240329873
-1.175541428 7.251812661
-1.159668098 7.262739137
-1.143549734 7.273181518
-1.127230397 7.283198956
-1.110696273 7.292792033
-1.094057956 7.302123859
-1.077166657 7.311161036
-1.060141550 7.319810782
-1.042996030 7.328212629
-1.026115376 7.335843541
-1.009112064 7.343038210
-0.991593594 7.349711075
-0.973651445 7.356133701
-0.955157677 7.362285929
-0.936650725 7.368276533
-0.917845192 7.373893138
-0.899308652 7.378942387
-0.881373457 7.383488193
-0.864257297 7.387202979
-0.847234647 7.390455250
-0.830204715 7.393228876
-0.812776380 7.395790352
-0.793968927 7.398348763
-0.774931179 7.400500070
-0.755843422 7.402306532
-0.736834946 7.403626270
-0.717687313 7.404637294
-0.699164048 7.405032082
-0.681552472 7.404681621
-0.664108421 7.404008278
-0.646749966 7.402989523
-0.629484009 7.401754121
-0.612232490 7.400186609
-0.594955149 7.398019541
-0.578063946 7.395106679
-0.560732852 7.391833274
-0.543432626 7.388128941
-0.526388699 7.384064349
-0.509172958 7.379706536
-0.491919866 7.375363065
-0.474752590 7.370750665
-0.458222833 7.364996014
-0.442052862 7.359432016
-0.425775623 7.353588665
-0.408264716 7.347817388
-0.390894270 7.342660991
-0.372265473 7.338349636
-0.353447156 7.334834955
-0.334562209 7.331553881
-0.317170348 7.328499504
-0.299652123 7.325877710
-0.282358878 7.323386210
-0.265180018 7.320977994
-0.248032197 7.318648858
-0.230760053 7.316398778
-0.213462925 7.314064531
-0.196156750 7.311557249
-0.178309709 7.310393481
-0.160405718 7.309106183
-0.142188291 7.307786199
-0.124001441 7.306460686
-0.105952937 7.305099557
-0.087932801 7.303693224
-0.069997871 7.302322762
-0.052458096 7.300759377
-0.034970163 7.299144717
-0.017498945 7.297661805
-0.000028849 7.296162366
0.017772442 7.294629755
0.035284967 7.293105316
0.052775531 7.291536990
0.070281170 7.289824289
0.087720141 7.288196025
0.105325290 7.286555410
0.122965250 7.284828621
0.140746021 7.283245212
0.158594114 7.282037850
0.176513432 7.281019277
0.194183786 7.279973180
0.211995522 7.279129569
0.229914888 7.278392573
0.247599141 7.277730701
0.265323666 7.277119680
0.283060265 7.276731218
0.300825269 7.276205558
0.318628485 7.275808159
0.336443720 7.275465221
0.354279317 7.275148378
0.372027167 7.275013372
0.389711019 7.275061640
0.407357085 7.274828701
0.424980974 7.274595557
0.442596236 7.274394131
0.460248340 7.274172262
0.477787282 7.273615730
0.495451011 7.273236208
0.513138651 7.272868952
0.530976379 7.272499870
0.548860477 7.272143885
0.566761927 7.271817393
0.584600338 7.271459561
0.602444003 7.271122177
0.620196119 7.270777178
0.637947231 7.270648162
0.655703410 7.270543490
0.673416163 7.270465650
0.691023493 7.270411517
0.708633146 7.270291224
0.726103317 7.270230705
0.743629812 7.270004852
0.761216344 7.269635749
0.778770411 7.269329413
0.796361519 7.269058207
0.814016894 7.268879776
0.831761031 7.268713035
0.849466975 7.268660680
0.867269813 7.268596696
0.885042223 7.268564450
0.902717372 7.268539496
0.920506307 7.268495527
0.938236266 7.268514574
0.955835047 7.268559224
0.973485668 7.268589539
0.991179199 7.268663593
1.008876064 7.268791573
1.026564313 7.268970387
1.044337759 7.269139196
1.062128156 7.269332479
1.080112886 7.269375549
1.097965678 7.269391679
1.115762666 7.269361613
1.134031795 7.269529407
1.152525086 7.269741597
1.170735560 7.269922128
1.188984422 7.270089235
1.207251857 7.270219096
1.225341232 7.269305643
1.243631258 7.268555517
1.261970252 7.267639002
1.279933869 7.268672529
1.299803290 7.267935597
1.317371043 7.268327175
1.335896089 7.267829388
1.354349691 7.267844315
1.373041226 7.267394945
1.391610443 7.267141949
1.410571052 7.266644357
1.429205113 7.265738909
1.447152855 7.267622722
1.465374970 7.268160509
1.483518700 7.268982520
1.501330925 7.270184732
1.520279817 7.270757231
1.538626709 7.271369860
1.556910257 7.272073750
1.575129252 7.271942404
1.593077079 7.269265970
1.611053258 7.266461319
1.629109441 7.261641021
1.647117122 7.256369572
1.665794175 7.250111794
1.684436488 7.243321503
1.702730415 7.235856880
1.720911355 7.227933936
1.738924400 7.219922848
1.756209393 7.210682709
1.773278655 7.201208393
1.791012270 7.191231778
1.808585074 7.181045494
1.825884740 7.170502898
1.843457692 7.159492786
1.860442504 7.148183384
1.877207171 7.136911378
1.893736416 7.125314676
1.910054554 7.113452856
1.925815253 7.101257388
1.941290270 7.088781233
1.956515166 7.076197890
1.970921738 7.063544340
1.984946563 7.050603760
1.998447062 7.037386290
2.011566367 7.023805532
2.025112167 7.010416906
2.038336072 6.996575639
2.051244287 6.982405654
2.063665488 6.968158352
2.075638959 6.953706018
2.086811066 6.938114068
2.097740794 6.922520899
2.108564516 6.906630240
2.119091757 6.890450160
2.129211806 6.874054458
2.138590592 6.857797955
2.147580421 6.841810837
2.156168502 6.825888955
2.164089896 6.809675898
2.171631661 6.793281246
2.179003847 6.776407198
2.186427259 6.758720000
2.193667374 6.740504817
2.200660441 6.722019686
2.207445926 6.703745924
2.213529141 6.685818612
2.219327879 6.667933767
2.222991463 6.651492882
2.226757005 6.634351416
2.230744858 6.616510837
2.234199949 6.598374274
2.237569342 6.579551983
2.240807410 6.560692712
2.243269004 6.542174779
2.245375934 6.523652052
2.248089718 6.505199590
2.250407607 6.486917408
2.253135310 6.468520858
2.257029416 6.450004833
2.261046474 6.431310775
2.265529780 6.412742325
2.270613487 6.394425624
2.275840149 6.376241003
2.281167872 6.358178210
2.286631342 6.340294942
2.292107818 6.322636037
2.297500511 6.305478061
2.302927958 6.288462746
2.308154977 6.271992096
2.313760977 6.255681124
2.319458032 6.239167016
2.325227828 6.222342771
2.330678823 6.205706680
2.336555890 6.188696417
2.341971537 6.171652146
2.347035166 6.154748768
2.351624384 6.138102943
2.356242601 6.120824541
2.360405226 6.103602001
2.364365493 6.086244121
2.367967299 6.068816773
2.371233599 6.051467999
2.374247390 6.033942386
2.376334308 6.016173403
2.378225322 5.998253688
2.379794610 5.980220877
2.381020601 5.962122478
2.381655957 5.944210917
2.382014278 5.926327860
2.381733988 5.908428225
2.381157605 5.890565957
2.380347157 5.872686425
2.379142563 5.854800350
2.377570772 5.836915911
2.375877506 5.819052106
2.373915705 5.801114999
2.371684398 5.783386391
2.369212207 5.765593004
2.366533030 5.747305382
2.363432143 5.729134481
2.360222236 5.711013846
2.356798144 5.692843516
2.353237140 5.674933502
2.349514463 5.657073451
2.345807682 5.639313345
2.341896862 5.621574710
2.338758194 5.603608527
2.335562691 5.585624804
2.332573591 5.567912367
2.329997043 5.550092267
2.327440061 5.532291310
2.325074805 5.514453890
2.323420362 5.496419488
2.321848453 5.478343593
2.320484988 5.460389538
2.319364712 5.442336023
2.318093682 5.424388197
2.316649170 5.406650008
2.315288512 5.388841451
2.314179939 5.370990253
2.312698471 5.353453599
2.311277853 5.335801866
2.309866088 5.318080208
2.308475346 5.300322819
2.307175905 5.282306248
2.305744861 5.264580030
2.304543604 5.246825511
2.303328526 5.229158386
2.302079347 5.211492863
2.300501206 5.193842288
2.299258755 5.176090634
2.297917155 5.158351711
2.296582268 5.140608605
2.295287625 5.122801269
2.294040977 5.104970489
2.292067439 5.087186273
2.290015808 5.069684859
2.286326548 5.052244361
2.282492569 5.034872259
2.278373426 5.017527142
2.273954591 5.000245397
2.269364559 4.983077778
2.264310834 4.965958706
2.258793109 4.949113210
2.253056608 4.932286760
2.246816313 4.915530515
2.240269798 4.898978250
2.233441639 4.882542771
2.226311295 4.866218911
2.218516216 4.850090793
2.209270596 4.834107497
2.199557396 4.818392995
2.189513133 4.803363001
2.179128095 4.788777082
2.168134695 4.773704923
2.156753099 4.758867754
2.144713319 4.744096605
2.132322300 4.729670323
2.119573020 4.715549781
2.106397510 4.701659849
2.092901112 4.688124389
2.079016705 4.674875680
2.064933411 4.662171771
2.050384066 4.649379084
2.035782322 4.636919480
2.021146838 4.625039107
2.006153194 4.613195636
1.990740714 4.602247674
1.975339532 4.591651947
1.959559676 4.581405115
1.943421166 4.571377695
1.927128030 4.561598821
1.910516478 4.551471028
1.894177943 4.541988946
1.877947106 4.532600108
1.861785168 4.523325457
1.845717980 4.514396966
1.829328305 4.505946068
1.812676272 4.497481974
1.795595413 4.488900796
1.778752931 4.479849709
1.761927640 4.470189911
1.745832870 4.459526672
1.730215609 4.449051875
1.715344426 4.437826422
1.701064317 4.426839799
1.687083080 4.416287338
1.673246127 4.405778261
1.659439050 4.395298212
1.645533979 4.384730556
1.631526938 4.373780073
1.617509510 4.362759346
1.603533436 4.351696508
1.589558677 4.340547524
1.575955650 4.329719936
1.562425052 4.318995936
1.547879355 4.307782727
1.533035823 4.296753951
1.518134593 4.285857977
1.501448232 4.273730647
1.484352890 4.261504399
1.466503516 4.248908014
1.447082621 4.234909882
1.427967800 4.219616634
1.408410263 4.203887139
1.389275353 4.187344519
1.368208410 4.168871260
1.347559640 4.148916316
1.325985128 4.127467406
1.304454665 4.105242872
1.287266795 4.090991893
1.271812932 4.078793048
1.256674417 4.067227680
1.241276476 4.055643256
1.225825310 4.044007244
1.210468020 4.032691102
1.194979121 4.021359229
1.179420053 4.010202963
1.164350986 3.999488825
1.148690813 3.988394981
1.133072490 3.977412679
1.117501150 3.966524177
1.101886716 3.955569245
1.086441212 3.944741257
1.071514563 3.934329367
1.056364803 3.923809451
1.041200478 3.913320407
1.026089788 3.902701362
1.010838680 3.892000670
0.995457799 3.881121301
0.980053874 3.870149625
0.964575352 3.859217292
0.948848010 3.847730893
0.932997124 3.835837019
0.917121535 3.824126089
0.901339729 3.812574220
0.886057009 3.801619191
0.870403411 3.790259410
0.854834588 3.779455165
0.839428468 3.768854646
0.822969943 3.756825890
0.807741154 3.745754211
0.793124329 3.735885189
0.778384860 3.726013409
0.763569179 3.716144413
0.748783977 3.706306520
0.733626526 3.696201326
0.718651210 3.686448555
0.703682633 3.676756337
0.688248836 3.666643883
0.673062183 3.656698975
0.658703364 3.647396749
0.643714974 3.637707780
0.628705845 3.628080640
0.613640487 3.618362864
0.598297884 3.608414184
0.582930409 3.598478129
0.567714253 3.588747607
0.552348729 3.578879992
0.536997102 3.568731373
0.522141527 3.559083713
0.506973686 3.549077600
0.491977168 3.539405194
0.477010076 3.529773401
0.461772160 3.519898438
0.446549598 3.510257950
0.431250466 3.500464026
0.415830611 3.490520353
0.400406297 3.480546105
0.385067178 3.470736591
0.369683035 3.460917438
0.354334661 3.451126364
0.339066802 3.441382864
0.323647283 3.431456273
0.308213403 3.421523851
0.292931734 3.411880890
0.277590590 3.402211411
0.262353772 3.392601758
0.247167625 3.383027161
0.232003558 3.373466201
0.216910904 3.363852069
0.201721570 3.354554996
0.186478294 3.345192921
0.171215438 3.335873101
0.155965447 3.326575109
0.140231790 3.317012967
0.124594170 3.307188447
0.109019238 3.297389145
0.093249772 3.287496635
0.077657607 3.277770145
0.062324145 3.268263301
0.046905823 3.258734840
0.031584045 3.249086233
0.016270160 3.239490189
0.000831518 3.229814306
-0.014352536 3.220375276
-0.029580390 3.210870178
-0.045561399 3.200354905
-0.060429484 3.191016077
-0.075372671 3.181892508
-0.090459975 3.172650031
-0.105547918 3.163394272
-0.120648435 3.154157799
-0.135781592 3.144955548
-0.150767850 3.135677308
-0.165704525 3.126451489
-0.180611914 3.117251087
-0.195774703 3.107866173
-0.210819270 3.098623147
-0.225893013 3.089398435
-0.240938241 3.080158420
-0.256223463 3.070698624
-0.271640652 3.061198255
-0.286884002 3.051856049
-0.302168557 3.042438403
-0.317467961 3.032932955
-0.332684681 3.023499539
-0.347950240 3.013917993
-0.363262724 3.004432078
-0.378554952 2.994929894
-0.393884685 2.985474852
-0.409236984 2.976026624
-0.424485491 2.966685197
-0.439785364 2.957421880
-0.455088825 2.948176367
-0.470356022 2.938880651
-0.485631078 2.929659342
-0.501087679 2.920332410
-0.516437701 2.911027183
-0.531815552 2.901779294
-0.548846421 2.892391961
-0.563910976 2.882935811
-0.578984074 2.873517865
-0.594276484 2.863981632
-0.608964021 2.854886587
-0.623697840 2.845571185
-0.638565738 2.836272445
-0.653310032 2.827042582
-0.668409188 2.817747821
-0.683542573 2.808405553
-0.698657151 2.799165192
-0.713873275 2.789881902
-0.729027751 2.780632678
-0.744260918 2.771439126
-0.759434987 2.762221044
-0.774559245 2.753018059
-0.789748287 2.743764506
-0.804913316 2.734503317
-0.820050203 2.725275537
-0.835445578 2.715979480
-0.850701721 2.706738806
-0.865945178 2.697501087
-0.881321597 2.688159975
-0.896569527 2.678869177
-0.911625700 2.669232490
-0.926773134 2.659447747
-0.941817595 2.649527898
-0.956762017 2.639381252
-0.971723417 2.629215378
-0.986546829 2.618970051
-1.001443046 2.608575830
-1.015980969 2.598307866
-1.030502761 2.587938587
-1.044697052 2.577350381
-1.058834422 2.566649120
-1.072537173 2.555258960
-1.086315317 2.543657816
-1.100032341 2.531925207
-1.113658907 2.520010679
-1.127104636 2.508031171
-1.139534895 2.495073104
-1.151492854 2.481750261
-1.163028752 2.468190897
-1.174208042 2.454433327
-1.184848783 2.440230243
-1.195169344 2.425792482
-1.205158250 2.410963435
-1.214821933 2.395874991
-1.223958747 2.380438571
-1.232711296 2.364737969
-1.241293643 2.348614968
-1.249509765 2.332275855
-1.257425603 2.315755021
-1.264685851 2.298958400
-1.271549072 2.282136187
-1.278229742 2.265116457
-1.284368212 2.247831495
-1.290225431 2.230514164
-1.295816272 2.212956099
-1.300653333 2.195400746
-1.305125149 2.177774858
-1.309427252 2.160180946
-1.313439920 2.142380439
-1.317051708 2.124351606
-1.320347620 2.106233148
-1.323262035 2.088082329
-1.325815533 2.069771856
-1.328031120 2.051391363
-1.329836990 2.033030397
-1.331355856 2.014616343
-1.332522997 1.996273131
-1.333340162 1.978470844
-1.333934917 1.960504623
-1.334265510 1.942487171
-1.334433139 1.924462836
-1.334432634 1.906271873
-1.334189719 1.887950647
-1.333685231 1.869221116
-1.332908261 1.850423980
-1.331719823 1.832591000
-1.330235472 1.814872917
-1.328486611 1.797098994
-1.326446767 1.779695686
-1.324144841 1.762363944
-1.321642888 1.744996398
-1.318889906 1.727406938
-1.315832385 1.709815269
-1.312499866 1.692067700
-1.309019969 1.674588422
-1.305582818 1.657077543
-1.302332721 1.639450768
-1.298986770 1.622091293
-1.295571163 1.604753273
-1.292340025 1.587234968
-1.289198988 1.570453161
-1.286062246 1.553665811
-1.283071301 1.536790823
-1.280288971 1.519885953
-1.277577873 1.502976172
-1.274853056 1.485549676
-1.273139086 1.468106955
-1.271455978 1.450739985
-1.269782072 1.432988507
-1.268155261 1.415147153
-1.266609847 1.397353158
-1.265088296 1.379541989
-1.263609740 1.361674488
-1.262150103 1.344112323
-1.260619873 1.326400458
-1.259393100 1.309283390
-1.258297657 1.292134147
-1.257190603 1.274328803
-1.256112323 1.256605717
-1.255037568 1.239190897
-1.253946474 1.221635655
-1.252805617 1.203971554
-1.251506213 1.186533028
-1.250102517 1.168246245
-1.248680850 1.150241346
-1.247330729 1.132253945
-1.245897931 1.113845682
-1.244567980 1.096010648
-1.243251491 1.078229790
-1.241900821 1.060348908
-1.240530664 1.042476859
-1.239102751 1.024624712
-1.237513132 1.006769690
-1.236048699 0.988948035
-1.234647091 0.971222701
-1.233178174 0.953205544
-1.231733752 0.935267085
-1.230441022 0.917473378
-1.229154540 0.899591710
-1.227781485 0.881734786
-1.226331395 0.863973018
-1.224796217 0.845700886
-1.223232569 0.828012465
-1.221581666 0.809826688
-1.219966984 0.791552596
-1.218395702 0.773969261
-1.217003197 0.758044248
-1.215499751 0.741282796
-1.214104176 0.725870312
-1.212688128 0.710538931
-1.211336100 0.695994489
-1.209917839 0.680973137
-1.208491944 0.667272488
-1.207381721 0.653568900
-1.206162112 0.640260379
-1.205038660 0.626332351
-1.203799316 0.612366850
-1.202966611 0.598337135
-1.201731426 0.584118588
-1.200597862 0.569177023
-1.199352162 0.554825042
-1.197983414 0.540538990
-1.196511978 0.526020125
-1.194987587 0.511443615
-1.193527456 0.497250365
-1.192100672 0.483373160
-1.190681795 0.469603279
-1.189183181 0.455623693
-1.187661392 0.442152878
-1.186104812 0.428662170
-1.184335549 0.415329891
-1.182490063 0.402017997
-1.180435380 0.388968236
-1.177302924 0.376648855
-1.174461542 0.364385894
-1.171420590 0.352214641
-1.168133157 0.340522502
-1.164721033 0.328891934
-1.161192525 0.317349031
-1.157536306 0.305945156
-1.153757853 0.294598094
-1.149890478 0.283290547
-1.145744839 0.272223111
-1.141400656 0.260984709
-1.136908374 0.249785652
-1.132372838 0.238938785
-1.127752542 0.228067819
-1.122776413 0.217348144
-1.117650611 0.206676146
-1.112364547 0.196135805
-1.106934403 0.185660726
-1.101412773 0.175262359
-1.095846768 0.165255833
-1.089971862 0.155564961
-1.084151360 0.145941948
-1.078520366 0.137088381
-1.072851035 0.128362871
-1.067080710 0.119763751
-1.061237202 0.111270407
-1.055440352 0.102953032
-1.049433075 0.094763119
-1.043443375 0.086409096
-1.037555957 0.078037561
-1.031291034 0.069617166
-1.024870615 0.061285156
-1.018380999 0.053074785
-1.011679038 0.044450563
-1.005023270 0.036073357
-0.998221560 0.027790371
-0.991313111 0.019690911
-0.984334359 0.011718646
-0.977396508 0.003620972
-0.970578461 -0.004123701
-0.963616394 -0.011811876
-0.956537680 -0.019382323
-0.949573425 -0.026604959
-0.942598941 -0.033615669
-0.935301005 -0.040724617
-0.928002694 -0.047837474
-0.920535542 -0.054811883
-0.912756120 -0.061980185
-0.905030970 -0.068865576
-0.897463699 -0.075688519
-0.890097999 -0.082130156
-0.882688056 -0.088411142
-0.875356965 -0.094303075
-0.868439145 -0.100268127
-0.861070516 -0.106303432
-0.853671314 -0.112154986
-0.846321089 -0.117862704
-0.838822144 -0.123474316
-0.831036619 -0.129217264
-0.823097946 -0.134858908
-0.815017385 -0.140621150
-0.807093826 -0.146126347
-0.799215931 -0.151415916
-0.791294913 -0.156642344
-0.783508190 -0.161566676
-0.775719398 -0.166269474
-0.768103104 -0.170683072
-0.760551119 -0.175021361
-0.753011409 -0.179245230
-0.745393509 -0.183250597
-0.737584628 -0.187285322
-0.729831195 -0.191024067
-0.722083824 -0.194635014
-0.713763587 -0.198339155
-0.704872416 -0.202014370
-0.696227691 -0.205418085
-0.687647471 -0.208798072
-0.679190431 -0.211956339
-0.671083175 -0.215044505
-0.662909276 -0.217909225
-0.655756275 -0.220619011
-0.648756003 -0.223120122
-0.641613955 -0.225577627
-0.634452707 -0.228073407
-0.626840542 -0.229908230
-0.619233181 -0.231831950
-0.610787688 -0.233765793
-0.602995058 -0.235855254
-0.593888422 -0.238307472
-0.585280634 -0.240358509
-0.576695540 -0.242298153
-0.568731151 -0.244222305
-0.559970508 -0.246086209
-0.551612911 -0.247708871
-0.543196718 -0.249280765
-0.534935928 -0.250655041
-0.526871199 -0.252005813
-0.518871618 -0.253274166
-0.510477548 -0.254515671
-0.502228046 -0.255487501
-0.493861184 -0.256488196
-0.487349444 -0.256997855
-0.480120180 -0.257475827
-0.473105881 -0.258033568
-0.464175363 -0.258223052
-0.455711265 -0.258688353
-0.447209818 -0.259199475
-0.439243989 -0.259433997
-0.430461583 -0.259637804
-0.422631392 -0.259784899
-0.413830730 -0.259694054
-0.405027702 -0.259600051
-0.396542552 -0.259442565
-0.388158583 -0.259223431
-0.380275191 -0.258786405
-0.372560772 -0.258454046
-0.365055514 -0.258050248
-0.357746295 -0.257573474
-0.350591037 -0.257132964
-0.343119835 -0.256516451
-0.335903618 -0.255782527
-0.328552982 -0.255028380
-0.321180831 -0.254118977
-0.314530878 -0.253208715
-0.307567485 -0.252233304
-0.300473995 -0.251194621
-0.293378397 -0.250104357
-0.286319561 -0.248998108
-0.279115562 -0.247810223
-0.271902072 -0.246545470
-0.265199368 -0.245342676
-0.258687413 -0.244472598
-0.252603964 -0.243568453
-0.249365279 -0.243008246
-0.246489064 -0.242507030
-0.244960569 -0.242154821
-0.244777357 -0.241837234
-0.244807364 -0.241583883
-0.244711312 -0.241315903
-0.244669865 -0.241169338
-0.244075028 -0.241012856
-0.243523774 -0.240866784
-0.243092081 -0.240721746
-0.242969830 -0.240706362
-0.242709810 -0.240610210
-0.242584634 -0.240530330
-0.242566299 -0.240473588
-0.242617928 -0.240449961
-0.242016947 -0.240246718
-0.241430671 -0.239813804
-0.237881815 -0.239257802
-0.232208302 -0.238280410
-0.223474835 -0.236696265
-0.213518545 -0.234568581
-0.202432735 -0.232171025
-0.190597286 -0.229482994
-0.179227176 -0.226770923
-0.168452937 -0.223875059
-0.158488298 -0.220834832
-0.149716038 -0.217943409
-0.141457587 -0.215077531
-0.134290655 -0.212379072
-0.127348795 -0.209700064
-0.120278006 -0.206736672
-0.112570619 -0.203650179
-0.104508385 -0.200199827
-0.096318304 -0.196578882
-0.087518602 -0.192859770
-0.078701100 -0.189207301
-0.070280952 -0.185568770
-0.064061854 -0.182494860
-0.056337932 -0.179279596
-0.048946000 -0.176365001
-0.041504323 -0.173649793
-0.033970075 -0.171347536
-0.025184514 -0.169176720
-0.016250247 -0.167135541
-0.006983973 -0.165284815
0.002308857 -0.163507441
0.011693093 -0.161759395
0.020948009 -0.160214121
0.029633002 -0.158730913
0.037748170 -0.157384856
0.045755834 -0.156091451
0.053198526 -0.154899024
0.060567004 -0.153781377
0.069760118 -0.152404842
0.078398550 -0.151129675
0.087098931 -0.149896462
0.095961684 -0.148664120
0.105118477 -0.147399984
0.114297872 -0.146161853
0.123433253 -0.144958716
0.132446898 -0.143783244
0.140385869 -0.143245010
0.148162297 -0.142809028
0.155951778 -0.142437418
0.163682706 -0.142123191
0.171418766 -0.141839731
0.179402691 -0.141665661
0.187862529 -0.141486892
0.197290817 -0.140944716
0.206865768 -0.140358454
0.216469326 -0.139726756
0.225977258 -0.139044528
0.235756985 -0.138293419
0.244375063 -0.137659772
0.253088460 -0.136811557
0.260003437 -0.136645707
0.267180767 -0.136324576
0.274389139 -0.136051767
0.281918754 -0.135665711
0.290436586 -0.134929904
0.298580272 -0.134173376
0.307026791 -0.133278763
0.315720439 -0.131997785
0.324205881 -0.130246578
0.332705034 -0.128347567
0.341764161 -0.126418419
0.350063690 -0.124509047
0.358076435 -0.122521275
0.365989644 -0.120987830
0.373817118 -0.119504580
0.381564812 -0.117908143
0.389232722 -0.116558584
0.397910015 -0.115259252
0.406217368 -0.114076803
0.414575932 -0.112871257
0.423246888 -0.111703368
0.432035330 -0.110503392
0.440694040 -0.109276250
0.450106452 -0.107957393
0.458330060 -0.106932555
0.466539537 -0.106187160
0.474364413 -0.105433081
0.482142899 -0.104504697
0.489507902 -0.104012475
0.497307282 -0.103464819
0.506189828 -0.102790612
0.514741304 -0.102050848
0.523648322 -0.101456509
0.532458637 -0.100569678
0.540959717 -0.099691115
0.549356334 -0.099378686
0.556824584 -0.098583424
0.562315871 -0.098017181
0.565267489 -0.097792549
0.567638750 -0.097662616
0.569046580 -0.097511118
0.570288315 -0.097382171
0.571296492 -0.097370181
0.570511553 -0.097360887
0.569652367 -0.097373146
0.568899205 -0.097477480
0.567900906 -0.097556212
0.566904478 -0.097609877
0.566552015 -0.097675132
0.566259097 -0.097724751
0.566030847 -0.097740359
0.566107459 -0.097732790
0.566194856 -0.097731549
0.566271418 -0.097691530
0.566363186 -0.097666314
0.566453314 -0.097652011
0.566539055 -0.097627894
0.566653216 -0.097675565
0.566387615 -0.097686596
0.566250472 -0.097677210
0.566066605 -0.097662600
0.565936211 -0.097707091
0.565798005 -0.097724164
0.565721549 -0.097726561
0.565659850 -0.097733035
0.565685892 -0.097728654
0.565647493 -0.097749390
0.565687376 -0.097789035
0.565617224 -0.097683903
0.565558148 -0.097673348
0.565505443 -0.097658596
0.565493421 -0.097640350
0.565392159 -0.097630265
0.565371732 -0.097611862
0.565360677 -0.097568028
0.565383021 -0.097615518
0.565266429 -0.097624296
0.565217263 -0.097654678
0.565132261 -0.097648833
0.565087448 -0.097634997
0.565095936 -0.097622486
0.565016019 -0.097636671
0.564943859 -0.097629114
0.564875424 -0.097630885
0.564808632 -0.097640596
0.564757987 -0.097621087
0.564712244 -0.097607160
0.564706752 -0.097634981
0.564721974 -0.097634471
0.564758425 -0.097693137
0.564729606 -0.097740633
0.564741090 -0.097753357
0.564667509 -0.097815247
0.564453580 -0.097845122
0.564062261 -0.097933444
0.563424606 -0.098021690
0.562015482 -0.098286490
0.560394890 -0.098485550
0.557363870 -0.098928482
0.552579151 -0.099500113
0.547008983 -0.100224173
0.539745675 -0.101329232
0.531111699 -0.102558106
0.521704737 -0.102626538
0.512118376 -0.103290180
0.502501676 -0.103993737
0.492839172 -0.104922071
0.483916200 -0.105828947
0.475150191 -0.106290221
0.467328239 -0.107914463
0.459614306 -0.109289730
0.453243224 -0.110475822
0.447016679 -0.111455321
0.442049725 -0.112299553
0.437761468 -0.113294749
0.433475768 -0.113477405
0.430171845 -0.114271629
0.425909222 -0.115173754
0.421430249 -0.115859233
0.415552369 -0.116713718
0.407419365 -0.118110294
0.398010715 -0.119873242
0.388328342 -0.121664243
0.378963426 -0.123605511
0.369146313 -0.125584916
0.359800177 -0.127648423
0.350340989 -0.129983670
0.342290510 -0.132125090
0.334308951 -0.134088343
0.326972351 -0.136070673
0.319866455 -0.137607968
0.313686033 -0.139100816
0.307512097 -0.140167082
0.302543584 -0.141362002
0.297637489 -0.142474311
0.292726403 -0.143568807
0.288767024 -0.144589603
0.283700714 -0.145688164
0.276415705 -0.146889705
0.269006185 -0.148606467
0.260549338 -0.150240594
0.251002542 -0.152195256
0.241262860 -0.154100518
0.232215238 -0.155906146
0.223105423 -0.157737824
0.214679136 -0.159421058
0.207010501 -0.160668284
0.198601900 -0.162060350
0.190799376 -0.163264725
0.184311675 -0.164301889
0.177934083 -0.165389864
0.172449867 -0.166332634
0.167400900 -0.167245646
0.162605467 -0.167983474
0.158061047 -0.168691563
0.153584790 -0.169302312
0.149230364 -0.170254823
0.143620254 -0.171053059
0.137389620 -0.171904885
0.129187995 -0.172689265
0.120525576 -0.173859640
0.111669318 -0.174869679
0.102792527 -0.175986414
0.095478654 -0.176696929
0.089167267 -0.177416419
0.083013707 -0.178226251
0.079860641 -0.178526038
0.077809020 -0.178722052
0.076541727 -0.178855521
0.076553416 -0.178852502
0.077308475 -0.178677535
0.078302070 -0.178564167
0.079455190 -0.178447233
0.080587457 -0.178300253
0.081797668 -0.178240837
0.082721528 -0.178188849
0.083614421 -0.178142905
0.084445204 -0.178081208
0.085330768 -0.178131178
0.085406425 -0.178092356
0.085426749 -0.178054245
0.085524594 -0.178041520
0.085488117 -0.178017497
0.085453120 -0.177997982
0.085351035 -0.177995971
0.085314573 -0.177988290
0.085245493 -0.177981157
0.085219143 -0.177983514
0.085090243 -0.177963690
0.084935441 -0.177873179
0.084893203 -0.177982724
0.084894831 -0.178035691
0.084915365 -0.178089128
0.084833371 -0.178146828
0.084799527 -0.178193143
0.084827396 -0.178256715
0.084742808 -0.178310156
0.084690865 -0.178312102
0.084712554 -0.178381802
0.084671603 -0.178438860
0.084648982 -0.178469954
0.084605977 -0.178522419
0.084561664 -0.178545065
0.084575202 -0.178563511
0.084598784 -0.178597872
0.084552678 -0.178584570
0.084726262 -0.178585220
0.084717055 -0.178610475
0.084758688 -0.178624395
0.084742884 -0.178630719
0.084748205 -0.178642774
0.084752785 -0.178645631
0.084794164 -0.178646667
0.084684727 -0.178652230
0.084601084 -0.178629508
0.084909935 -0.178720573
0.084970462 -0.178730861
0.084886745 -0.178738386
0.084952074 -0.178823767
0.084935152 -0.178832606
0.084929808 -0.178838542
0.084920994 -0.178865039
0.084915200 -0.178836262
0.084936497 -0.178796232
0.085190175 -0.178787918
0.085340589 -0.178805878
0.085092838 -0.178828683
0.085238217 -0.178891180
0.085279800 -0.178877930
0.085502468 -0.178910156
0.085273169 -0.178910951
0.085028406 -0.178905861
0.085197737 -0.178976888
0.085342532 -0.179024173
0.085243348 -0.178720571
0.085217536 -0.178751495
0.085116150 -0.178799615
0.085153615 -0.178814242
0.085158072 -0.178865563
0.084925570 -0.179227725
0.084579500 -0.179559845
0.084431878 -0.179670121
0.084355530 -0.179832006
0.084271510 -0.179920058
0.084161859 -0.180035980
0.084429276 -0.180040853
0.084258270 -0.180075081
0.084249375 -0.180098549
0.084251286 -0.180119126
0.084190879 -0.180111620
0.084038464 -0.180163898
0.084423215 -0.180156934
0.084683294 -0.180158443
0.084715158 -0.180194394
0.084799961 -0.180181227
0.084834696 -0.180220295
0.084886424 -0.180180824
0.085198721 -0.180143679
0.085185406 -0.180148129
0.085121432 -0.180163855
0.085258608 -0.180151745
0.085267770 -0.180157832
0.085283257 -0.180153429
0.085234555 -0.180160428
0.085302768 -0.180147183
0.085385961 -0.180128925
0.085406724 -0.180091891
0.085459126 -0.180145157
0.085479806 -0.180117695
0.085488927 -0.180108802
0.085491874 -0.180176400
0.085504166 -0.180156877
0.085535282 -0.180136124
0.085604225 -0.180101067
0.085519780 -0.180092033
0.085506843 -0.180087053
0.085502343 -0.180076621
0.085584080 -0.180066690
0.085534283 -0.180009779
0.085524618 -0.180031743
0.085529012 -0.180050923
0.085312316 -0.180116548
0.085141265 -0.180029557
0.085065551 -0.180043055
0.085024648 -0.180049052
0.084923216 -0.180063637
0.084853325 -0.180029176
0.084858549 -0.180025808
0.084828597 -0.180018859
0.084786127 -0.180038438
0.084769877 -0.180013819
0.084761577 -0.180002589
0.084706977 -0.179978583
0.084693489 -0.179987797
0.084620589 -0.179988963
0.084809366 -0.179975563
0.084609608 -0.180019451
0.084599448 -0.179963565
0.084639884 -0.180005901
0.084448913 -0.180026833
0.084485223 -0.180035665
0.084523519 -0.180043559
0.084575488 -0.180045455
0.084588858 -0.180031557
0.084541855 -0.179999118
0.084606661 -0.179380081
0.084814083 -0.178810733
0.085117344 -0.179211991
0.085542286 -0.179195495
0.086590743 -0.179337581
0.088498870 -0.179100976
0.093029335 -0.178812481
0.099690866 -0.178206257
0.109422883 -0.176780826
0.120926585 -0.175663850
0.133658580 -0.174405953
0.146556705 -0.172904186
0.157823282 -0.172173238
0.168935264 -0.171393914
0.179228762 -0.170550470
0.188668305 -0.169661379
0.194945947 -0.169143519
0.200194733 -0.168661280
0.204151503 -0.168356556
0.206780226 -0.168184632
0.208606253 -0.167899714
0.210108016 -0.167804142
0.211336839 -0.167719984
0.211929781 -0.167685718
0.212046133 -0.167715467
0.212166701 -0.167725727
0.212256985 -0.167748130
0.212219999 -0.167815143
0.212164837 -0.167864239
0.212146441 -0.167902925
0.212134735 -0.167950930
0.212494480 -0.167936798
0.212191002 -0.168025394
0.211943791 -0.168106400
0.211718698 -0.168170122
0.212062345 -0.168153702
0.211696887 -0.168236980
0.211787845 -0.168241835
0.211798373 -0.168245469
0.211645055 -0.168306103
0.211587867 -0.168339361
0.211710765 -0.168339687
0.211482794 -0.168400752
0.211373600 -0.168329355
0.211616749 -0.168214192
0.213215511 -0.167891017
0.215254520 -0.167941956
0.221541256 -0.167595707
0.229993580 -0.167065017
0.241507188 -0.166171602
0.253989320 -0.164990207
0.266718083 -0.163710524
0.279201257 -0.161788048
0.291696013 -0.159847817
0.304189199 -0.158141304
0.314992108 -0.156596803
0.325643874 -0.155439695
0.334218487 -0.153090109
0.340656693 -0.150884560
0.347001870 -0.150302304
0.352850605 -0.149876062
0.358682454 -0.149256516
0.364187683 -0.148607007
0.368707476 -0.148070370
0.373116211 -0.147570093
0.378168067 -0.147324104
0.383703749 -0.147117351
0.389366638 -0.146743896
0.395100711 -0.146496911
0.400335081 -0.146085061
0.404175767 -0.145790910
0.406359857 -0.145083017
0.408336119 -0.144470306
0.409160768 -0.144134184
0.409601109 -0.143793150
0.409867801 -0.143519166
0.410013743 -0.143281310
0.410071145 -0.143080686
0.410021590 -0.142902287
0.409957441 -0.142770476
0.409891124 -0.142643832
0.409857449 -0.142544078
0.409843757 -0.142462171
0.409880790 -0.142376472
0.409886765 -0.142301628
0.409991793 -0.142243504
0.410104099 -0.142174704
0.410079403 -0.142132233
0.410084594 -0.142091511
0.410092587 -0.142041557
0.410107652 -0.142015295
0.410100648 -0.141980277
0.410082258 -0.141945232
0.410036558 -0.141944292
0.410065085 -0.141934785
0.410075752 -0.141908497
0.410097673 -0.141899430
0.410096986 -0.141888655
0.410082951 -0.141882615
0.410071333 -0.141869934
0.410085175 -0.141870033
0.410104300 -0.141869022
0.410064563 -0.141953741
0.409985578 -0.141947248
0.408960460 -0.142092400
0.405648522 -0.142376335
0.400169397 -0.143009469
0.390805716 -0.143503636
0.381063152 -0.144147784
0.371298525 -0.145731874
0.361940147 -0.147809497
0.355069674 -0.149465760
0.349589832 -0.150959310
0.345606868 -0.152126209
0.342822985 -0.153113358
0.341579223 -0.153621158
0.341407066 -0.153982836
0.341461347 -0.154223311
0.341676400 -0.154403084
0.342084434 -0.154484851
0.342664616 -0.154541998
0.343274271 -0.154568667
0.343966911 -0.154546956
0.344679447 -0.154530556
0.345378716 -0.154520357
0.346038812 -0.154494595
0.346029919 -0.154543101
0.346241084 -0.154524608
0.346241078 -0.154569309
0.346195868 -0.154562976
0.346232874 -0.154558242
0.345879585 -0.154576037
0.345729182 -0.154550767
0.345589038 -0.154578495
0.345442195 -0.154605592
0.345410355 -0.154591236
0.345425205 -0.154617120
0.345420648 -0.154622967
0.345451752 -0.154612175
0.345454162 -0.154633530
0.345427929 -0.154650955
0.345572616 -0.154656790
0.345459895 -0.154698542
0.345348024 -0.154676050
0.345373190 -0.154655959
0.345381804 -0.154673621
0.345373451 -0.154652965
0.345398454 -0.154638991
0.345343820 -0.154635770
0.345299621 -0.154603673
0.345268884 -0.154607395
0.345351603 -0.154612366
0.345430280 -0.154563430
0.345420615 -0.154526698
0.345414261 -0.154521426
0.345471331 -0.154461861
0.345552188 -0.154475798
0.345624507 -0.154479530
0.345646113 -0.154486659
0.345673244 -0.154493631
0.345494531 -0.154491920
0.345673346 -0.154456861
0.345895216 -0.154526852
0.345720985 -0.154509995
0.345801544 -0.154520992
0.345683330 -0.154547381
0.345623726 -0.154530374
0.345621815 -0.154517861
0.345584314 -0.154553163
0.345492451 -0.154468132
0.345664739 -0.154497455
0.345617498 -0.154533652
0.345628551 -0.154522285
0.345635096 -0.154560456
0.345639776 -0.154584523
0.345593063 -0.154557706
0.345571888 -0.154584429
0.345635377 -0.154590796
0.345688249 -0.154595073
0.345733521 -0.154624554
0.345713270 -0.154617018
0.345729646 -0.154613922
0.345718118 -0.154631303
0.345663805 -0.154594973
0.345743138 -0.154566206
0.345765144 -0.154580983
0.345782345 -0.154521156
0.345807994 -0.154520663
0.345780559 -0.154536424
0.345774243 -0.154488069
0.345787320 -0.154499579
0.345796651 -0.154496190
0.345785181 -0.154461863
0.345877245 -0.154512597
0.345908977 -0.154540155
0.345920590 -0.154539748
0.345998718 -0.154582811
0.346051378 -0.154616575
0.346157648 -0.154639358
0.346178284 -0.154684703
0.346217001 -0.154641561
0.346261451 -0.154617773
0.346262201 -0.154558276
0.346289834 -0.154570632
0.346291503 -0.154551294
0.346242586 -0.154502518
0.346262090 -0.154441692
0.346323845 -0.154505132
0.346363916 -0.154512908
0.346335518 -0.154507274
0.346293429 -0.154525231
0.346294249 -0.154557898
0.346284911 -0.154525086
0.346314264 -0.154708214
0.346325381 -0.154717314
0.346323791 -0.154750534
0.346324294 -0.154827974
0.346311799 -0.154842998
0.346415308 -0.154859193
0.346495991 -0.154932968
0.346550997 -0.154873917
0.346562412 -0.154877406
0.346559213 -0.154914841
0.346533102 -0.154873092
0.346594702 -0.154842927
0.346526001 -0.154841248
0.346436551 -0.154794739
0.346491159 -0.154784934
0.346526622 -0.154773760
0.346550210 -0.154720278
0.346594374 -0.154769687
0.346634763 -0.154782384
0.346635517 -0.154780272
0.346667708 -0.154850296
0.346503640 -0.154855728
0.346647532 -0.154845079
0.346713551 -0.154863029
0.346776115 -0.154824290
0.346849885 -0.154843276
0.346896689 -0.154867707
0.346909898 -0.154844517
0.347041065 -0.154836849
0.347139394 -0.154826716
0.347180701 -0.154868923
0.347284132 -0.154865107
0.347313797 -0.154827657
0.347328870 -0.154774589
0.347477333 -0.154746521
0.347422887 -0.154729102
0.347433579 -0.154688197
0.347468792 -0.154677382
0.347422008 -0.154688176
0.347516885 -0.154607370
0.347603424 -0.154558377
0.347665563 -0.154501883
0.347716649 -0.154463697
0.347771190 -0.154426684
0.347732635 -0.154367405
0.347811863 -0.154318086
0.347857079 -0.154359344
0.347840986 -0.154357540
0.347819418 -0.154382517
0.347799160 -0.154411133
0.347860469 -0.154402762
0.347900747 -0.154426160
0.347904064 -0.154430731
0.347878354 -0.154428057
0.348000391 -0.154450779
0.348078749 -0.154441716
0.348071273 -0.154422377
0.348080243 -0.154505452
0.348093802 -0.154505429
0.348158113 -0.154501586
0.348186969 -0.154509332
0.348123001 -0.154499483
0.348025927 -0.154495807
0.348076932 -0.154510301
0.347907222 -0.154487510
0.348006263 -0.154493951
0.348026117 -0.154505537
0.348132115 -0.154452514
0.348243650 -0.154435523
0.348363459 -0.154425788
0.348441355 -0.154389455
0.348517391 -0.154391140
0.348570569 -0.154361506
0.348585411 -0.154346728
0.348718654 -0.154351615
0.348710532 -0.154324041
0.348667503 -0.154295473
0.348725558 -0.154319058
0.348739091 -0.154322406
0.348737348 -0.154324692
0.348803644 -0.154327445
0.348819518 -0.154308356
0.348890862 -0.154305775
0.348947217 -0.154323175
0.348942395 -0.154248607
0.349009108 -0.154216390
0.348991180 -0.154201269
0.348952785 -0.154148802
0.349027980 -0.154136985
0.349113940 -0.154130297
0.349132980 -0.154095440
0.349184200 -0.154084622
0.349217636 -0.154055021
0.349250221 -0.154038065
